$order 4
$a1 1.000000e+00
$a2 1.000000e+00
$a3 1.000000e+00
$C ...
    2.784164e-03    -2.168404e-19     3.794708e-19    -9.215718e-19 ...
    5.421011e-20     0.000000e+00     3.252607e-19     0.000000e+00 ...
    0.000000e+00     0.000000e+00     0.000000e+00     0.000000e+00 ...
   -4.336809e-19     0.000000e+00     0.000000e+00     0.000000e+00 ...
    2.168404e-19     0.000000e+00     0.000000e+00     0.000000e+00 ...
    0.000000e+00     0.000000e+00     0.000000e+00     0.000000e+00 ...
    0.000000e+00     0.000000e+00    -6.505213e-19     0.000000e+00 ...
    0.000000e+00     0.000000e+00     0.000000e+00     0.000000e+00 ...
    0.000000e+00     0.000000e+00     0.000000e+00     0.000000e+00 ...
   -1.084202e-19     0.000000e+00    -2.168404e-19     0.000000e+00 ...
    7.589415e-19     2.168404e-19     2.068414e-02     3.903128e-18 ...
    0.000000e+00     0.000000e+00     1.734723e-18     0.000000e+00 ...
   -4.336809e-19     0.000000e+00     0.000000e+00     0.000000e+00 ...
    0.000000e+00     0.000000e+00     0.000000e+00     0.000000e+00 ...
    0.000000e+00     0.000000e+00     1.734723e-18     0.000000e+00 ...
    0.000000e+00     0.000000e+00     0.000000e+00     0.000000e+00 
