0 0 1 1.17887
0.0320516 0 0.999486 1.17887
0.0640702 0 0.997945 1.17887
0.096023 0 0.995379 1.17887
0.127877 0 0.99179 1.17887
0.1596 0 0.987182 1.17887
0.191159 0 0.981559 1.17887
0.222521 0 0.974928 1.17887
0.253655 0 0.967295 1.17887
0.284528 0 0.958668 1.17887
0.315108 0 0.949056 1.17887
0.345365 0 0.938468 1.17887
0.375267 0 0.926917 1.17887
0.404783 0 0.914413 1.17887
0.433884 0 0.900969 1.17887
0.462538 0 0.886599 1.17887
0.490718 0 0.871319 1.17887
0.518393 0 0.855143 1.17887
0.545535 0 0.838088 1.17887
0.572117 0 0.820172 1.17887
0.598111 0 0.801414 1.17887
0.62349 0 0.781831 1.17887
0.648228 0 0.761446 1.17887
0.672301 0 0.740278 1.17887
0.695683 0 0.718349 1.17887
0.718349 0 0.695683 1.17887
0.740278 0 0.672301 1.17887
0.761446 0 0.648228 1.17887
0.781832 0 0.62349 1.17887
0.801414 0 0.59811 1.17887
0.820172 0 0.572117 1.17887
0.838088 0 0.545535 1.17887
0.855143 0 0.518393 1.17887
0.871319 0 0.490718 1.17887
0.886599 0 0.462538 1.17887
0.900969 0 0.433884 1.17887
0.914413 0 0.404783 1.17887
0.926917 0 0.375267 1.17887
0.938468 0 0.345365 1.17887
0.949056 0 0.315108 1.17887
0.958668 0 0.284528 1.17887
0.967295 0 0.253655 1.17887
0.974928 0 0.222521 1.17887
0.981559 0 0.191159 1.17887
0.987182 0 0.1596 1.17887
0.99179 0 0.127877 1.17887
0.995379 0 0.096023 1.17887
0.997945 0 0.0640702 1.17887
0.999486 0 0.0320515 1.17887
1 0 -4.37114e-08 0.0112607
0.0320358 0.00100676 0.999486 1.18529
0.0640386 0.00201249 0.997945 1.19167
0.0959756 0.00301616 0.995379 1.19803
0.127814 0.00401672 0.99179 1.20439
0.159521 0.00501315 0.987182 1.21076
0.191064 0.00600444 0.981559 1.21715
0.222411 0.00698955 0.974928 1.22357
0.253529 0.00796748 0.967295 1.23005
0.284387 0.00893723 0.958668 1.23658
0.314953 0.00989779 0.949056 1.24319
0.345195 0.0108482 0.938468 1.24989
0.375082 0.0117874 0.926917 1.2567
0.404584 0.0127146 0.914413 1.26363
0.43367 0.0136286 0.900969 1.27071
0.46231 0.0145287 0.886599 1.27794
0.490475 0.0154138 0.871319 1.28536
0.518137 0.0162831 0.855143 1.29297
0.545266 0.0171357 0.838088 1.30082
0.571834 0.0179706 0.820172 1.30892
0.597815 0.0187871 0.801414 1.3173
0.623182 0.0195843 0.781831 1.326
0.647909 0.0203613 0.761446 1.33505
0.671969 0.0211175 0.740278 1.3445
0.695339 0.0218519 0.718349 1.35439
0.717995 0.0225639 0.695683 1.36476
0.739913 0.0232527 0.672301 1.37569
0.76107 0.0239176 0.648228 1.38723
0.781446 0.0245579 0.62349 1.39947
0.801018 0.025173 0.59811 1.4125
0.819768 0.0257622 0.572117 1.42641
0.837675 0.026325 0.545535 1.44133
0.854721 0.0268607 0.518393 1.4574
0.870889 0.0273688 0.490718 1.47479
0.886162 0.0278488 0.462538 1.4937
0.900524 0.0283001 0.433884 1.51435
0.913961 0.0287224 0.404783 1.53702
0.926459 0.0291152 0.375267 1.56206
0.938005 0.029478 0.345365 1.58983
0.948587 0.0298106 0.315108 1.62079
0.958195 0.0301125 0.284528 1.65543
0.966818 0.0303835 0.253655 1.69421
0.974447 0.0306232 0.222521 1.73739
0.981075 0.0308315 0.191159 1.7845
0.986695 0.0310081 0.1596 1.8327
0.991301 0.0311529 0.127877 1.87135
0.994888 0.0312656 0.096023 1.85856
0.997453 0.0313462 0.0640702 1.77089
0.998993 0.0313946 0.0320515 1.5563
0.999507 0.0314108 -4.37114e-08 0.0112722
0.0319883 0.00201254 0.999486 1.19165
0.0639438 0.004023 0.997945 1.20427
0.0958335 0.00602934 0.995379 1.21678
0.127625 0.00802947 0.99179 1.22919
0.159285 0.0100214 0.987182 1.24154
0.190781 0.012003 0.981559 1.25384
0.222082 0.0139722 0.974928 1.26611
0.253154 0.0159271 0.967295 1.27839
0.283966 0.0178656 0.958668 1.2907
0.314486 0.0197858 0.949056 1.30305
0.344684 0.0216857 0.938468 1.31548
0.374527 0.0235632 0.926917 1.328
0.403985 0.0254166 0.914413 1.34065
0.433028 0.0272438 0.900969 1.35344
0.461626 0.029043 0.886599 1.36641
0.489749 0.0308124 0.871319 1.37959
0.51737 0.0325501 0.855143 1.39299
0.544458 0.0342544 0.838088 1.40666
0.570988 0.0359235 0.820172 1.42063
0.59693 0.0375557 0.801414 1.43493
0.622259 0.0391493 0.781831 1.44959
0.646949 0.0407026 0.761446 1.46466
0.670974 0.0422141 0.740278 1.48019
0.69431 0.0436823 0.718349 1.49621
0.716932 0.0451055 0.695683 1.51277
0.738817 0.0464824 0.672301 1.52994
0.759943 0.0478116 0.648228 1.54775
0.780289 0.0490916 0.62349 1.56628
0.799832 0.0503212 0.59811 1.58558
0.818554 0.051499 0.572117 1.60572
0.836434 0.052624 0.545535 1.62675
0.853455 0.0536949 0.518393 1.64873
0.869599 0.0547106 0.490718 1.67171
0.88485 0.05567 0.462538 1.69571
0.899191 0.0565723 0.433884 1.72071
0.912608 0.0574164 0.404783 1.74663
0.925088 0.0582016 0.375267 1.77324
0.936617 0.0589269 0.345365 1.80011
0.947183 0.0595917 0.315108 1.82641
0.956776 0.0601953 0.284528 1.85054
0.965386 0.060737 0.253655 1.86951
0.973004 0.0612162 0.222521 1.87725
0.979622 0.0616326 0.191159 1.86074
0.985234 0.0619857 0.1596 1.84247
0.989833 0.062275 0.127877 1.77413
0.993415 0.0625004 0.096023 1.6807
0.995976 0.0626615 0.0640702 1.55806
0.997514 0.0627583 0.0320515 1.46388
0.998027 0.0627905 -4.37114e-08 0.0112662
0.0319093 0.00301632 0.999486 1.19795
0.0637859 0.00602954 0.997945 1.21669
0.0955969 0.00903657 0.995379 1.23512
0.12731 0.0120343 0.99179 1.25328
0.158892 0.0150197 0.987182 1.27122
0.19031 0.0179896 0.981559 1.28896
0.221533 0.0209411 0.974928 1.30654
0.252529 0.023871 0.967295 1.324
0.283265 0.0267764 0.958668 1.34136
0.31371 0.0296543 0.949056 1.35866
0.343832 0.0325017 0.938468 1.37592
0.373602 0.0353157 0.926917 1.39317
0.402987 0.0380935 0.914413 1.41045
0.431958 0.0408321 0.900969 1.42777
0.460486 0.0435287 0.886599 1.44516
0.48854 0.0461806 0.871319 1.46266
0.516092 0.0487851 0.855143 1.48029
0.543114 0.0513394 0.838088 1.49808
0.569578 0.0538409 0.820172 1.51604
0.595456 0.0562872 0.801414 1.53422
0.620723 0.0586756 0.781831 1.55263
0.645352 0.0610037 0.761446 1.57129
0.669317 0.0632691 0.740278 1.59023
0.692595 0.0654695 0.718349 1.60946
0.715161 0.0676026 0.695683 1.629
0.736993 0.0696663 0.672301 1.64886
0.758067 0.0716584 0.648228 1.66904
0.778362 0.0735768 0.62349 1.68953
0.797857 0.0754197 0.59811 1.71029
0.816532 0.077185 0.572117 1.73128
0.834369 0.0788711 0.545535 1.7524
0.851348 0.080476 0.518393 1.77352
0.867452 0.0819983 0.490718 1.79441
0.882665 0.0834364 0.462538 1.81474
0.89697 0.0847887 0.433884 1.83402
0.910354 0.0860538 0.404783 1.85146
0.922803 0.0872306 0.375267 1.86585
0.934303 0.0883177 0.345365 1.87526
0.944844 0.089314 0.315108 1.87651
0.954413 0.0902186 0.284528 1.86409
0.963002 0.0910305 0.253655 1.83618
0.970601 0.0917488 0.222521 1.83862
0.977203 0.0923729 0.191159 1.77936
0.982801 0.092902 0.1596 1.71666
0.987388 0.0933357 0.127877 1.63122
0.990962 0.0936735 0.096023 1.56095
0.993517 0.093915 0.0640702 1.36069
0.99505 0.09406 0.0320515 1.42079
0.995562 0.0941083 -4.37114e-08 0.0112642
0.0317988 0.00401713 0.999486 1.2042
0.063565 0.00803013 0.997945 1.2289
0.0952659 0.0120349 0.995379 1.25303
0.126869 0.0160273 0.99179 1.27664
0.158341 0.0200032 0.987182 1.2998
0.189651 0.0239585 0.981559 1.32255
0.220766 0.0278893 0.974928 1.34492
0.251654 0.0317914 0.967295 1.36697
0.282284 0.0356608 0.958668 1.38873
0.312624 0.0394935 0.949056 1.41023
0.342642 0.0432857 0.938468 1.43151
0.372308 0.0470334 0.926917 1.4526
0.401592 0.0507328 0.914413 1.47353
0.430462 0.0543801 0.900969 1.49432
0.458891 0.0579714 0.886599 1.515
0.486848 0.0615032 0.871319 1.53559
0.514305 0.0649718 0.855143 1.5561
0.541233 0.0683737 0.838088 1.57656
0.567605 0.0717052 0.820172 1.59697
0.593394 0.0749631 0.801414 1.61734
0.618573 0.078144 0.781831 1.63768
0.643117 0.0812446 0.761446 1.65797
0.667 0.0842616 0.740278 1.6782
0.690197 0.0871921 0.718349 1.69836
0.712685 0.0900331 0.695683 1.7184
0.734441 0.0927814 0.672301 1.73825
0.755442 0.0954345 0.648228 1.75786
0.775667 0.0979895 0.62349 1.77708
0.795094 0.100444 0.59811 1.79578
0.813705 0.102795 0.572117 1.81373
0.83148 0.10504 0.545535 1.83063
0.8484 0.107178 0.518393 1.84606
0.864448 0.109205 0.490718 1.85942
0.879608 0.11112 0.462538 1.86988
0.893864 0.112921 0.433884 1.8762
0.907202 0.114606 0.404783 1.87656
0.919608 0.116173 0.375267 1.86816
0.931068 0.117621 0.345365 1.84655
0.941572 0.118948 0.315108 1.84156
0.951108 0.120153 0.284528 1.83466
0.959667 0.121234 0.253655 1.78631
0.96724 0.122191 0.222521 1.70996
0.973819 0.123022 0.191159 1.68735
0.979398 0.123727 0.1596 1.65625
0.983969 0.124304 0.127877 1.56493
0.98753 0.124754 0.096023 1.42477
0.990076 0.125076 0.0640702 1.46246
0.991605 0.125269 0.0320515 1.2616
0.992115 0.125333 -4.37114e-08 0.0112633
0.031657 0.00501397 0.999486 1.21038
0.0632814 0.0100228 0.997945 1.24089
0.0948408 0.0150213 0.995379 1.2705
0.126303 0.0200044 0.99179 1.29928
0.157635 0.0249669 0.987182 1.3273
0.188805 0.0299038 0.981559 1.35462
0.219781 0.0348099 0.974928 1.3813
0.250532 0.0396803 0.967295 1.40739
0.281025 0.0445099 0.958668 1.43292
0.311229 0.0492938 0.949056 1.45796
0.341113 0.054027 0.938468 1.48252
0.370647 0.0587047 0.926917 1.50665
0.3998 0.0633221 0.914413 1.53037
0.428542 0.0678744 0.900969 1.5537
0.456844 0.0723569 0.886599 1.57666
0.484676 0.0767651 0.871319 1.59927
0.51201 0.0810945 0.855143 1.62153
0.538818 0.0853405 0.838088 1.64344
0.565073 0.0894988 0.820172 1.66499
0.590747 0.0935651 0.801414 1.68617
0.615814 0.0975353 0.781831 1.70694
0.640248 0.101405 0.761446 1.72728
0.664024 0.105171 0.740278 1.74711
0.687118 0.108829 0.718349 1.76636
0.709505 0.112375 0.695683 1.78493
0.731164 0.115805 0.672301 1.80267
0.752071 0.119116 0.648228 1.8194
0.772206 0.122305 0.62349 1.83488
0.791547 0.125369 0.59811 1.84877
0.810075 0.128303 0.572117 1.86064
0.82777 0.131106 0.545535 1.86992
0.844615 0.133774 0.518393 1.87578
0.860591 0.136304 0.490718 1.87712
0.875684 0.138695 0.462538 1.87233
0.889876 0.140943 0.433884 1.8591
0.903155 0.143046 0.404783 1.83392
0.915505 0.145002 0.375267 1.84242
0.926914 0.146809 0.345365 1.83329
0.937371 0.148465 0.315108 1.79465
0.946865 0.149969 0.284528 1.70461
0.955386 0.151318 0.253655 1.71432
0.962925 0.152512 0.222521 1.64134
0.969475 0.15355 0.191159 1.66167
0.975028 0.154429 0.1596 1.56994
0.979579 0.15515 0.127877 1.46491
0.983124 0.155712 0.096023 1.4054
0.985659 0.156113 0.0640702 1.48397
0.987181 0.156354 0.0320515 1.11939
0.987688 0.156434 -4.37114e-08 0.0112627
0.0314839 0.00600587 0.999486 1.21648
0.0629354 0.0120056 0.997945 1.25267
0.0943222 0.0179929 0.995379 1.28754
0.125612 0.0239618 0.99179 1.3212
0.156773 0.029906 0.987182 1.35373
0.187773 0.0358196 0.981559 1.38523
0.218579 0.0416963 0.974928 1.41574
0.249162 0.0475301 0.967295 1.44535
0.279488 0.0533152 0.958668 1.4741
0.309527 0.0590454 0.949056 1.50205
0.339248 0.064715 0.938468 1.52922
0.36862 0.070318 0.926917 1.55567
0.397614 0.0758488 0.914413 1.58141
0.426198 0.0813017 0.900969 1.60646
0.454345 0.086671 0.886599 1.63084
0.482026 0.0919513 0.871319 1.65454
0.50921 0.0971371 0.855143 1.67756
0.535872 0.102223 0.838088 1.69989
0.561983 0.107204 0.820172 1.72148
0.587516 0.112075 0.801414 1.74231
0.612446 0.11683 0.781831 1.7623
0.636747 0.121466 0.761446 1.78136
0.660393 0.125977 0.740278 1.7994
0.68336 0.130358 0.718349 1.81626
0.705625 0.134605 0.695683 1.83176
0.727166 0.138714 0.672301 1.84565
0.747959 0.142681 0.648228 1.85762
0.767983 0.146501 0.62349 1.86725
0.787218 0.15017 0.59811 1.87401
0.805645 0.153685 0.572117 1.87716
0.823243 0.157042 0.545535 1.87574
0.839996 0.160238 0.518393 1.86839
0.855885 0.163269 0.490718 1.85322
0.870895 0.166132 0.462538 1.83631
0.88501 0.168825 0.433884 1.84247
0.898216 0.171344 0.404783 1.83418
0.910498 0.173687 0.375267 1.80392
0.921846 0.175851 0.345365 1.73885
0.932245 0.177835 0.315108 1.71524
0.941687 0.179636 0.284528 1.69703
0.950161 0.181253 0.253655 1.61771
0.957659 0.182683 0.222521 1.66151
0.964173 0.183926 0.191159 1.57588
0.969696 0.184979 0.1596 1.47231
0.974223 0.185843 0.127877 1.35337
0.977748 0.186515 0.096023 1.46001
0.980269 0.186996 0.0640702 1.42328
0.981783 0.187285 0.0320515 1.00233
0.982287 0.187381 -4.37114e-08 0.0112623
0.0312797 0.00699184 0.999486 1.22251
0.0625272 0.0139765 0.997945 1.26422
0.0937105 0.0209468 0.995379 1.30414
0.124797 0.0278955 0.99179 1.34239
0.155756 0.0348156 0.987182 1.37911
0.186555 0.0417 0.981559 1.41439
0.217162 0.0485414 0.974928 1.44831
0.247546 0.055333 0.967295 1.48096
0.277675 0.0620678 0.958668 1.5124
0.307519 0.0687387 0.949056 1.54269
0.337048 0.0753391 0.938468 1.57188
0.366229 0.081862 0.926917 1.59999
0.395035 0.0883008 0.914413 1.62707
0.423434 0.0946488 0.900969 1.65312
0.451399 0.1009 0.886599 1.67815
0.4789 0.107047 0.871319 1.70215
0.505908 0.113084 0.855143 1.7251
0.532397 0.119005 0.838088 1.74695
0.558338 0.124803 0.820172 1.76766
0.583706 0.130474 0.801414 1.78715
0.608474 0.13601 0.781831 1.80531
0.632617 0.141407 0.761446 1.82201
0.65611 0.146658 0.740278 1.83707
0.678928 0.151758 0.718349 1.85027
0.701049 0.156703 0.695683 1.86133
0.72245 0.161487 0.672301 1.86986
0.743108 0.166104 0.648228 1.87539
0.763002 0.170551 0.62349 1.87728
0.782113 0.174823 0.59811 1.87471
0.80042 0.178915 0.572117 1.86654
0.817904 0.182823 0.545535 1.85126
0.834548 0.186544 0.518393 1.83658
0.850335 0.190072 0.490718 1.84245
0.865247 0.193406 0.462538 1.83648
0.879271 0.19654 0.433884 1.81358
0.892391 0.199473 0.404783 1.76566
0.904594 0.202201 0.375267 1.70411
0.915867 0.204721 0.345365 1.71522
0.926199 0.20703 0.315108 1.67467
0.93558 0.209127 0.284528 1.63513
0.943999 0.211009 0.253655 1.6601
0.951449 0.212674 0.222521 1.58267
0.95792 0.214121 0.191159 1.46763
0.963407 0.215347 0.1596 1.38754
0.967905 0.216352 0.127877 1.40355
0.971407 0.217135 0.096023 1.49241
0.973912 0.217695 0.0640702 1.34516
0.975415 0.218031 0.0320515 0.906457
0.975917 0.218143 -4.37114e-08 0.011262
0.0310446 0.0079709 0.999486 1.22846
0.0620573 0.0159336 0.997945 1.27553
0.0930063 0.02388 0.995379 1.32028
0.12386 0.0318018 0.99179 1.36287
0.154586 0.0396909 0.987182 1.40345
0.185153 0.0475392 0.981559 1.44214
0.21553 0.0553387 0.974928 1.47906
0.245686 0.0630813 0.967295 1.5143
0.275589 0.0707591 0.958668 1.54795
0.305209 0.0783642 0.949056 1.58007
0.334515 0.0858888 0.938468 1.61072
0.363477 0.0933251 0.926917 1.63994
0.392066 0.100666 0.914413 1.66774
0.420253 0.107903 0.900969 1.69416
0.448007 0.115029 0.886599 1.71917
0.475301 0.122037 0.871319 1.74277
0.502106 0.128919 0.855143 1.76491
0.528396 0.135669 0.838088 1.78554
0.554143 0.14228 0.820172 1.80456
0.57932 0.148744 0.801414 1.82187
0.603902 0.155056 0.781831 1.83731
0.627863 0.161208 0.761446 1.85068
0.651179 0.167194 0.740278 1.86174
0.673826 0.173009 0.718349 1.87015
0.695781 0.178646 0.695683 1.87551
0.717021 0.1841 0.672301 1.87728
0.737524 0.189364 0.648228 1.87475
0.757269 0.194434 0.62349 1.86701
0.776236 0.199303 0.59811 1.85282
0.794405 0.203969 0.572117 1.83515
0.811758 0.208424 0.545535 1.84214
0.828277 0.212665 0.518393 1.83928
0.843945 0.216688 0.490718 1.82299
0.858745 0.220488 0.462538 1.78791
0.872663 0.224062 0.433884 1.72565
0.885685 0.227405 0.404783 1.71462
0.897796 0.230515 0.375267 1.70749
0.908985 0.233388 0.345365 1.6536
0.919239 0.236021 0.315108 1.64439
0.92855 0.238411 0.284528 1.65891
0.936906 0.240556 0.253655 1.59017
0.944299 0.242455 0.222521 1.45737
0.950722 0.244104 0.191159 1.43819
0.956168 0.245502 0.1596 1.3912
0.960631 0.246648 0.127877 1.45637
0.964107 0.247541 0.096023 1.47018
0.966593 0.248179 0.0640702 1.26715
0.968086 0.248562 0.0320515 0.827219
0.968583 0.24869 -4.37114e-08 0.0112618
0.0307789 0.00894211 0.999486 1.23432
0.0615262 0.017875 0.997945 1.28661
0.0922103 0.0267896 0.995379 1.33598
0.1228 0.0356766 0.99179 1.38263
0.153263 0.044527 0.987182 1.42676
0.183568 0.0533316 0.981559 1.46852
0.213685 0.0620814 0.974928 1.50806
0.243583 0.0707674 0.967295 1.54548
0.27323 0.0793807 0.958668 1.5809
0.302596 0.0879124 0.949056 1.61438
0.331652 0.0963538 0.938468 1.64599
0.360367 0.104696 0.926917 1.67579
0.388711 0.112931 0.914413 1.70379
0.416656 0.12105 0.900969 1.73
0.444173 0.129044 0.886599 1.75442
0.471233 0.136906 0.871319 1.77701
0.497809 0.144627 0.855143 1.79772
0.523874 0.152199 0.838088 1.81645
0.5494 0.159615 0.820172 1.83308
0.574362 0.166868 0.801414 1.84746
0.598733 0.173948 0.781831 1.85938
0.62249 0.18085 0.761446 1.86857
0.645606 0.187566 0.740278 1.87467
0.66806 0.194089 0.718349 1.87724
0.689826 0.200413 0.695683 1.8757
0.710884 0.206531 0.672301 1.86929
0.731212 0.212437 0.648228 1.85704
0.750788 0.218124 0.62349 1.83763
0.769592 0.223587 0.59811 1.84089
0.787606 0.228821 0.572117 1.84161
0.804811 0.233819 0.545535 1.83142
0.821188 0.238577 0.518393 1.80662
0.836722 0.24309 0.490718 1.76171
0.851396 0.247353 0.462538 1.70129
0.865195 0.251362 0.433884 1.71675
0.878105 0.255113 0.404783 1.69782
0.890112 0.258602 0.375267 1.63632
0.901205 0.261824 0.345365 1.64929
0.911372 0.264778 0.315108 1.65837
0.920603 0.26746 0.284528 1.59823
0.928887 0.269867 0.253655 1.4438
0.936217 0.271996 0.222521 1.46223
0.942585 0.273846 0.191159 1.33976
0.947984 0.275415 0.1596 1.3989
0.95241 0.276701 0.127877 1.49087
0.955856 0.277702 0.096023 1.42736
0.958321 0.278418 0.0640702 1.19439
0.9598 0.278848 0.0320515 0.76095
0.960294 0.278991 -4.37114e-08 0.0112616
0.0304829 0.00990448 0.999486 1.24009
0.0609344 0.0197988 0.997945 1.29744
0.0913233 0.0296727 0.995379 1.35122
0.121618 0.0395162 0.99179 1.40169
0.151789 0.0493191 0.987182 1.44908
0.181803 0.0590713 0.981559 1.49358
0.21163 0.0687628 0.974928 1.53537
0.24124 0.0783836 0.967295 1.57459
0.270602 0.0879239 0.958668 1.61136
0.299686 0.0973738 0.949056 1.64578
0.328462 0.106724 0.938468 1.67792
0.3569 0.115964 0.926917 1.70783
0.384972 0.125085 0.914413 1.73554
0.412648 0.134077 0.900969 1.76107
0.4399 0.142932 0.886599 1.78437
0.4667 0.15164 0.871319 1.80542
0.493021 0.160192 0.855143 1.82412
0.518835 0.16858 0.838088 1.84037
0.544115 0.176794 0.820172 1.85399
0.568837 0.184826 0.801414 1.86478
0.592974 0.192669 0.781831 1.87244
0.616502 0.200314 0.761446 1.87663
0.639396 0.207752 0.740278 1.87686
0.661633 0.214978 0.718349 1.87254
0.683191 0.221982 0.695683 1.86287
0.704046 0.228758 0.672301 1.84683
0.724178 0.2353 0.648228 1.83779
0.743566 0.241599 0.62349 1.84245
0.76219 0.24765 0.59811 1.83803
0.78003 0.253447 0.572117 1.82192
0.797069 0.258983 0.545535 1.79035
0.813289 0.264254 0.518393 1.73783
0.828673 0.269252 0.490718 1.70976
0.843206 0.273974 0.462538 1.71531
0.856872 0.278415 0.433884 1.68896
0.869658 0.282569 0.404783 1.62368
0.88155 0.286433 0.375267 1.6517
0.892537 0.290003 0.345365 1.6585
0.902606 0.293274 0.315108 1.6067
0.911747 0.296245 0.284528 1.47255
0.919952 0.298911 0.253655 1.47143
0.927212 0.301269 0.222521 1.38366
0.933518 0.303318 0.191159 1.40185
0.938866 0.305056 0.1596 1.45134
0.943248 0.30648 0.127877 1.48689
0.946662 0.307589 0.096023 1.37746
0.949102 0.308382 0.0640702 1.12813
0.950568 0.308858 0.0320515 0.704878
0.951057 0.309017 -4.37114e-08 0.0112615
0.0301567 0.0108571 0.999486 1.24577
0.0602824 0.021703 0.997945 1.30802
0.0903462 0.0325266 0.995379 1.36601
0.120317 0.0433168 0.99179 1.42004
0.150164 0.0540625 0.987182 1.47041
0.179857 0.0647527 0.981559 1.51735
0.209366 0.0753763 0.974928 1.56106
0.238659 0.0859224 0.967295 1.60172
0.267707 0.0963803 0.958668 1.63948
0.296479 0.106739 0.949056 1.67445
0.324947 0.116988 0.938468 1.70671
0.353082 0.127117 0.926917 1.73632
0.380853 0.137115 0.914413 1.76332
0.408233 0.146973 0.900969 1.78771
0.435193 0.156679 0.886599 1.80945
0.461707 0.166225 0.871319 1.82847
0.487746 0.175599 0.855143 1.84468
0.513283 0.184793 0.838088 1.85791
0.538294 0.193798 0.820172 1.86795
0.562751 0.202603 0.801414 1.87451
0.58663 0.2112 0.781831 1.87723
0.609906 0.21958 0.761446 1.87564
0.632555 0.227734 0.740278 1.86909
0.654554 0.235654 0.718349 1.8568
0.675881 0.243332 0.695683 1.8377
0.696513 0.25076 0.672301 1.84071
0.71643 0.257931 0.648228 1.8419
0.73561 0.264836 0.62349 1.83345
0.754035 0.271469 0.59811 1.81276
0.771684 0.277823 0.572117 1.77608
0.788541 0.283892 0.545535 1.71802
0.804587 0.289669 0.518393 1.71376
0.819807 0.295149 0.490718 1.71286
0.834184 0.300325 0.462538 1.6822
0.847704 0.305192 0.433884 1.6158
0.860353 0.309746 0.404783 1.65253
0.872118 0.313982 0.375267 1.65918
0.882987 0.317895 0.345365 1.61539
0.892948 0.321481 0.315108 1.50341
0.901992 0.324737 0.284528 1.47128
0.910109 0.327659 0.253655 1.42949
0.917291 0.330245 0.222521 1.37023
0.92353 0.332491 0.191159 1.3964
0.92882 0.334396 0.1596 1.48607
0.933156 0.335957 0.127877 1.46436
0.936533 0.337173 0.096023 1.32628
0.938948 0.338042 0.0640702 1.06832
0.940397 0.338564 0.0320515 0.656926
0.940881 0.338738 -4.37114e-08 0.0112614
0.0298008 0.011799 0.999486 1.25134
0.059571 0.0235858 0.997945 1.31835
0.08928 0.0353484 0.995379 1.38034
0.118897 0.0470747 0.99179 1.4377
0.148392 0.0587526 0.987182 1.49078
0.177735 0.0703702 0.981559 1.53986
0.206895 0.0819154 0.974928 1.58519
0.235842 0.0933765 0.967295 1.62697
0.264547 0.104742 0.958668 1.66538
0.29298 0.115999 0.949056 1.70054
0.321112 0.127137 0.938468 1.73256
0.348914 0.138145 0.926917 1.76151
0.376358 0.149011 0.914413 1.78741
0.403415 0.159723 0.900969 1.81027
0.430057 0.170272 0.886599 1.83003
0.456258 0.180645 0.871319 1.84661
0.481989 0.190833 0.855143 1.85987
0.507226 0.200825 0.838088 1.86959
0.531941 0.21061 0.820172 1.87551
0.556109 0.220179 0.801414 1.87726
0.579706 0.229522 0.781831 1.87436
0.602708 0.238629 0.761446 1.86618
0.62509 0.24749 0.740278 1.85192
0.646829 0.256098 0.718349 1.83515
0.667904 0.264442 0.695683 1.84193
0.688293 0.272515 0.672301 1.84057
0.707975 0.280307 0.648228 1.82919
0.726929 0.287811 0.62349 1.8052
0.745136 0.29502 0.59811 1.76496
0.762577 0.301926 0.572117 1.70326
0.779235 0.308521 0.545535 1.71549
0.795092 0.314799 0.518393 1.7107
0.810132 0.320754 0.490718 1.67804
0.824339 0.326379 0.462538 1.61241
0.8377 0.331669 0.433884 1.65219
0.850199 0.336618 0.404783 1.66015
0.861825 0.341221 0.375267 1.62409
0.872566 0.345473 0.345365 1.53046
0.88241 0.349371 0.315108 1.46451
0.891347 0.352909 0.284528 1.45578
0.899368 0.356085 0.253655 1.33685
0.906465 0.358895 0.222521 1.40481
0.912631 0.361336 0.191159 1.44464
0.917858 0.363406 0.1596 1.49217
0.922143 0.365102 0.127877 1.43295
0.92548 0.366423 0.096023 1.27639
0.927866 0.367368 0.0640702 1.01447
0.929299 0.367935 0.0320515 0.615526
0.929776 0.368125 -4.37114e-08 0.0112613
0.0294155 0.0127292 0.999486 1.25681
0.0588007 0.0254454 0.997945 1.32841
0.0881256 0.0381353 0.995379 1.39421
0.11736 0.0507861 0.99179 1.45468
0.146474 0.0633848 0.987182 1.51022
0.175437 0.0759182 0.981559 1.56117
0.20422 0.0883737 0.974928 1.60782
0.232793 0.100738 0.967295 1.65042
0.261127 0.113 0.958668 1.68917
0.289192 0.125145 0.949056 1.72421
0.31696 0.137161 0.938468 1.75567
0.344403 0.149037 0.926917 1.78362
0.371492 0.160759 0.914413 1.80809
0.398199 0.172316 0.900969 1.82907
0.424497 0.183696 0.886599 1.84649
0.450358 0.194887 0.871319 1.86023
0.475757 0.205879 0.855143 1.87011
0.500667 0.216658 0.838088 1.87587
0.525063 0.227215 0.820172 1.87716
0.548919 0.237538 0.801414 1.87351
0.572211 0.247618 0.781831 1.8643
0.594915 0.257443 0.761446 1.84874
0.617007 0.267003 0.740278 1.83692
0.638466 0.276289 0.718349 1.84234
0.659268 0.285291 0.695683 1.83932
0.679394 0.294 0.672301 1.82603
0.698821 0.302407 0.648228 1.79995
0.717529 0.310503 0.62349 1.75758
0.735501 0.31828 0.59811 1.69928
0.752717 0.32573 0.572117 1.71613
0.769159 0.332845 0.545535 1.70947
0.784811 0.339618 0.518393 1.67656
0.799657 0.346042 0.490718 1.6131
0.813681 0.352111 0.462538 1.65079
0.826868 0.357818 0.433884 1.66114
0.839206 0.363157 0.404783 1.63255
0.850682 0.368123 0.375267 1.55457
0.861284 0.372711 0.345365 1.45244
0.871 0.376916 0.315108 1.46888
0.879822 0.380733 0.284528 1.39665
0.887739 0.384159 0.253655 1.38327
0.894745 0.387191 0.222521 1.39627
0.90083 0.389824 0.191159 1.47932
0.905991 0.392057 0.1596 1.48234
0.91022 0.393887 0.127877 1.39763
0.913514 0.395313 0.096023 1.22894
0.915869 0.396332 0.0640702 0.965974
0.917283 0.396944 0.0320515 0.579479
0.917755 0.397148 -4.37114e-08 0.0112612
0.0290011 0.0136469 0.999486 1.26218
0.0579725 0.0272798 0.997945 1.33822
0.0868842 0.0408846 0.995379 1.40764
0.115707 0.0544474 0.99179 1.47099
0.14441 0.0679543 0.987182 1.52875
0.172965 0.0813914 0.981559 1.58131
0.201343 0.0947448 0.974928 1.62902
0.229514 0.108001 0.967295 1.67216
0.257448 0.121146 0.958668 1.71097
0.285118 0.134167 0.949056 1.74561
0.312496 0.147049 0.938468 1.77621
0.339552 0.159781 0.926917 1.80287
0.366259 0.172348 0.914413 1.8256
0.39259 0.184739 0.900969 1.84438
0.418517 0.196939 0.886599 1.85912
0.444015 0.208937 0.871319 1.86967
0.469056 0.220721 0.855143 1.87579
0.493615 0.232277 0.838088 1.87715
0.517667 0.243595 0.820172 1.87331
0.541187 0.254663 0.801414 1.86368
0.56415 0.265469 0.781831 1.84746
0.586535 0.276002 0.761446 1.8376
0.608316 0.286252 0.740278 1.84243
0.629472 0.296207 0.718349 1.83862
0.649982 0.305858 0.695683 1.82439
0.669824 0.315195 0.672301 1.79735
0.688977 0.324208 0.648228 1.75415
0.707422 0.332888 0.62349 1.70064
0.725141 0.341225 0.59811 1.71629
0.742114 0.349212 0.572117 1.70935
0.758325 0.356841 0.545535 1.67758
0.773756 0.364102 0.518393 1.61734
0.788393 0.370989 0.490718 1.64823
0.802219 0.377496 0.462538 1.66182
0.815221 0.383614 0.433884 1.64053
0.827385 0.389338 0.404783 1.57623
0.838699 0.394662 0.375267 1.45619
0.849152 0.39958 0.345365 1.47228
0.858731 0.404088 0.315108 1.43511
0.867429 0.408181 0.284528 1.34118
0.875235 0.411854 0.253655 1.40551
0.882141 0.415104 0.222521 1.43587
0.888141 0.417928 0.191159 1.49173
0.893229 0.420322 0.1596 1.46357
0.897398 0.422284 0.127877 1.36105
0.900646 0.423812 0.096023 1.18436
0.902968 0.424904 0.0640702 0.922219
0.904362 0.425561 0.0320515 0.547858
0.904827 0.425779 -4.37114e-08 0.0112612
0.0285582 0.0145511 0.999486 1.26743
0.057087 0.0290873 0.997945 1.34776
0.0855571 0.0435935 0.995379 1.42061
0.113939 0.058055 0.99179 1.48664
0.142205 0.0724568 0.987182 1.54639
0.170324 0.0867842 0.981559 1.60033
0.198268 0.101022 0.974928 1.64885
0.226008 0.115157 0.967295 1.69229
0.253516 0.129173 0.958668 1.73089
0.280763 0.143056 0.949056 1.76487
0.307723 0.156792 0.938468 1.79437
0.334365 0.170368 0.926917 1.81946
0.360665 0.183768 0.914413 1.84018
0.386593 0.196979 0.900969 1.85647
0.412125 0.209988 0.886599 1.86823
0.437233 0.222781 0.871319 1.87526
0.461891 0.235345 0.855143 1.87724
0.486075 0.247668 0.838088 1.87379
0.50976 0.259736 0.820172 1.86432
0.53292 0.271536 0.801414 1.84811
0.555533 0.283058 0.781831 1.83744
0.577576 0.29429 0.761446 1.84243
0.599024 0.305218 0.740278 1.83863
0.619858 0.315833 0.718349 1.82438
0.640054 0.326124 0.695683 1.7974
0.659593 0.336079 0.672301 1.75456
0.678453 0.345689 0.648228 1.70017
0.696617 0.354944 0.62349 1.71613
0.714065 0.363834 0.59811 1.71026
0.730779 0.37235 0.572117 1.68075
0.746742 0.380484 0.545535 1.62459
0.761938 0.388227 0.518393 1.64432
0.776351 0.39557 0.490718 1.66183
0.789966 0.402508 0.462538 1.64774
0.802769 0.409031 0.433884 1.59567
0.814748 0.415135 0.404783 1.49576
0.825889 0.420811 0.375267 1.46792
0.836182 0.426056 0.345365 1.45835
0.845615 0.430862 0.315108 1.37188
0.854179 0.435226 0.284528 1.38855
0.861866 0.439143 0.253655 1.39792
0.868667 0.442608 0.222521 1.47065
0.874576 0.445619 0.191159 1.49049
0.879585 0.448171 0.1596 1.4399
0.883691 0.450263 0.127877 1.32467
0.886889 0.451893 0.096023 1.14278
0.889176 0.453058 0.0640702 0.882655
0.890549 0.453757 0.0320515 0.519936
0.891007 0.453991 -4.37114e-08 0.0112611
0.028087 0.015441 0.999486 1.27256
0.0561452 0.0308661 0.997945 1.35703
0.0841456 0.0462594 0.995379 1.43313
0.11206 0.0616053 0.99179 1.50163
0.139858 0.0768878 0.987182 1.56316
0.167514 0.0920914 0.981559 1.61826
0.194997 0.1072 0.974928 1.66737
0.222279 0.122199 0.967295 1.71087
0.249333 0.137072 0.958668 1.74905
0.276131 0.151805 0.949056 1.78214
0.302646 0.166381 0.938468 1.81029
0.328849 0.180786 0.926917 1.83358
0.354714 0.195006 0.914413 1.85204
0.380215 0.209025 0.900969 1.86559
0.405325 0.22283 0.886599 1.87408
0.430019 0.236405 0.871319 1.87727
0.454271 0.249738 0.855143 1.87477
0.478056 0.262813 0.838088 1.86607
0.50135 0.275619 0.820172 1.85049
0.524128 0.288142 0.801414 1.83646
0.546368 0.300369 0.781831 1.84232
0.568047 0.312286 0.761446 1.83931
0.589142 0.323883 0.740278 1.82588
0.609631 0.335148 0.718349 1.79991
0.629494 0.346067 0.695683 1.75846
0.648711 0.356632 0.672301 1.69794
0.66726 0.366829 0.648228 1.71556
0.685124 0.37665 0.62349 1.71193
0.702284 0.386084 0.59811 1.68564
0.718722 0.395121 0.572117 1.63424
0.734422 0.403752 0.545535 1.63875
0.749367 0.411968 0.518393 1.66077
0.763542 0.419761 0.490718 1.65385
0.776933 0.427123 0.462538 1.61294
0.789525 0.434045 0.433884 1.53038
0.801306 0.440522 0.404783 1.4568
0.812263 0.446546 0.375267 1.46995
0.822386 0.452111 0.345365 1.41818
0.831664 0.457211 0.315108 1.35194
0.840087 0.461842 0.284528 1.40548
0.847647 0.465998 0.253655 1.42455
0.854336 0.469675 0.222521 1.48747
0.860147 0.47287 0.191159 1.48083
0.865074 0.475578 0.1596 1.41371
0.869112 0.477798 0.127877 1.28928
0.872257 0.479528 0.096023 1.10412
0.874506 0.480764 0.0640702 0.846793
0.875856 0.481506 0.0320515 0.495136
0.876307 0.481754 -4.37114e-08 0.0112611
0.0275881 0.0163156 0.999486 1.27758
0.0551479 0.0326144 0.997945 1.36603
0.0826511 0.0488797 0.995379 1.44521
0.110069 0.0650948 0.99179 1.516
0.137374 0.081243 0.987182 1.5791
0.164538 0.0973077 0.981559 1.63515
0.191533 0.113272 0.974928 1.68464
0.218331 0.129121 0.967295 1.728
0.244905 0.144836 0.958668 1.76555
0.271227 0.160403 0.949056 1.79754
0.29727 0.175805 0.938468 1.82413
0.323008 0.191026 0.926917 1.84541
0.348414 0.206051 0.914413 1.86139
0.373462 0.220865 0.900969 1.87196
0.398126 0.235451 0.886599 1.87692
0.422381 0.249796 0.871319 1.87597
0.446202 0.263883 0.855143 1.86864
0.469565 0.2777 0.838088 1.8543
0.492445 0.291231 0.820172 1.83449
0.514819 0.304463 0.801414 1.84191
0.536664 0.317382 0.781831 1.84043
0.557957 0.329975 0.761446 1.82861
0.578678 0.342229 0.740278 1.80448
0.598803 0.354131 0.718349 1.76537
0.618313 0.36567 0.695683 1.70759
0.637188 0.376832 0.672301 1.71427
0.655409 0.387608 0.648228 1.71394
0.672955 0.397985 0.62349 1.69172
0.68981 0.407953 0.59811 1.64567
0.705957 0.417502 0.572117 1.63111
0.721378 0.426622 0.545535 1.65823
0.736057 0.435303 0.518393 1.6585
0.749981 0.443537 0.490718 1.628
0.763133 0.451316 0.462538 1.56071
0.775502 0.45863 0.433884 1.44762
0.787073 0.465474 0.404783 1.47201
0.797836 0.471839 0.375267 1.44833
0.807779 0.477719 0.345365 1.35717
0.816892 0.483109 0.315108 1.38966
0.825166 0.488002 0.284528 1.40059
0.832591 0.492393 0.253655 1.45969
0.839161 0.496279 0.222521 1.4925
0.844869 0.499654 0.191159 1.46598
0.849709 0.502516 0.1596 1.38646
0.853675 0.504862 0.127877 1.25531
0.856765 0.506689 0.096023 1.06824
0.858974 0.507996 0.0640702 0.814205
0.8603 0.50878 0.0320515 0.472995
0.860742 0.509041 -4.37114e-08 0.011261
0.027062 0.0171741 0.999486 1.28248
0.0540963 0.0343305 0.997945 1.37475
0.0810749 0.0514517 0.995379 1.45685
0.10797 0.06852 0.99179 1.52973
0.134755 0.0855179 0.987182 1.59423
0.161401 0.102428 0.981559 1.65104
0.187881 0.119233 0.974928 1.70073
0.214168 0.135915 0.967295 1.74375
0.240235 0.152458 0.958668 1.78048
0.266055 0.168843 0.949056 1.81119
0.291601 0.185056 0.938468 1.83604
0.316848 0.201078 0.926917 1.85512
0.34177 0.216894 0.914413 1.86841
0.36634 0.232487 0.900969 1.87578
0.390534 0.24784 0.886599 1.87697
0.414327 0.26294 0.871319 1.87161
0.437693 0.277769 0.855143 1.85911
0.46061 0.292312 0.838088 1.83871
0.483054 0.306555 0.820172 1.84088
0.505001 0.320484 0.801414 1.84162
0.52643 0.334083 0.781831 1.83213
0.547317 0.347338 0.761446 1.81062
0.567642 0.360237 0.740278 1.77465
0.587384 0.372765 0.718349 1.72087
0.606522 0.384911 0.695683 1.7118
0.625037 0.396661 0.672301 1.71575
0.64291 0.408003 0.648228 1.6984
0.660122 0.418926 0.62349 1.65825
0.676656 0.429419 0.59811 1.62094
0.692494 0.43947 0.572117 1.65372
0.707621 0.44907 0.545535 1.6613
0.722021 0.458208 0.518393 1.64067
0.735679 0.466876 0.490718 1.58711
0.748581 0.475064 0.462538 1.49358
0.760713 0.482763 0.433884 1.46568
0.772064 0.489967 0.404783 1.46566
0.782622 0.496667 0.375267 1.40788
0.792375 0.502857 0.345365 1.35502
0.801314 0.50853 0.315108 1.40488
0.80943 0.51368 0.284528 1.41006
0.816714 0.518303 0.253655 1.47991
0.823159 0.522393 0.222521 1.48974
0.828758 0.525946 0.191159 1.448
0.833505 0.528958 0.1596 1.35905
0.837396 0.531428 0.127877 1.22296
0.840426 0.533351 0.096023 1.03499
0.842593 0.534726 0.0640702 0.78452
0.843894 0.535551 0.0320515 0.453136
0.844328 0.535827 -4.37114e-08 0.011261
0.0265092 0.0180157 0.999486 1.28725
0.0529912 0.0360128 0.997945 1.38321
0.0794188 0.0539729 0.995379 1.46804
0.105765 0.0718776 0.99179 1.54286
0.132002 0.0897085 0.987182 1.60858
0.158104 0.107447 0.981559 1.66597
0.184043 0.125075 0.974928 1.71568
0.209793 0.142575 0.967295 1.75821
0.235327 0.159928 0.958668 1.79395
0.26062 0.177117 0.949056 1.82321
0.285645 0.194124 0.938468 1.84616
0.310376 0.210931 0.926917 1.86286
0.334788 0.227522 0.914413 1.87329
0.358857 0.243879 0.900969 1.87725
0.382556 0.259985 0.886599 1.87445
0.405863 0.275824 0.871319 1.86439
0.428752 0.29138 0.855143 1.8464
0.451201 0.306636 0.838088 1.83878
0.473187 0.321577 0.820172 1.84239
0.494686 0.336188 0.801414 1.83591
0.515676 0.350453 0.781831 1.81771
0.536137 0.364358 0.761446 1.7856
0.556047 0.377889 0.740278 1.73656
0.575386 0.391032 0.718349 1.70749
0.594133 0.403772 0.695683 1.71673
0.61227 0.416098 0.672301 1.70501
0.629777 0.427996 0.648228 1.6713
0.646638 0.439454 0.62349 1.61362
0.662834 0.450461 0.59811 1.64672
0.678349 0.461005 0.572117 1.66181
0.693166 0.471075 0.545535 1.6507
0.707272 0.480662 0.518393 1.60974
0.720651 0.489754 0.490718 1.53341
0.733289 0.498343 0.462538 1.45152
0.745174 0.50642 0.433884 1.47219
0.756293 0.513976 0.404783 1.44211
0.766635 0.521004 0.375267 1.35224
0.776189 0.527498 0.345365 1.3878
0.784946 0.533448 0.315108 1.40344
0.792896 0.538851 0.284528 1.44583
0.800031 0.5437 0.253655 1.48981
0.806344 0.547991 0.222521 1.48181
0.811828 0.551718 0.191159 1.42825
0.816479 0.554878 0.1596 1.33203
0.82029 0.557469 0.127877 1.19233
0.823259 0.559486 0.096023 1.00416
0.825381 0.560929 0.0640702 0.757418
0.826656 0.561795 0.0320515 0.435251
0.827081 0.562083 -4.37114e-08 0.0112609
0.0259303 0.0188394 0.999486 1.29189
0.0518339 0.0376595 0.997945 1.39139
0.0776843 0.0564409 0.995379 1.47881
0.103455 0.0751643 0.99179 1.55539
0.129119 0.0938105 0.987182 1.62216
0.154651 0.11236 0.981559 1.67998
0.180023 0.130795 0.974928 1.72955
0.205211 0.149094 0.967295 1.77143
0.230188 0.167241 0.958668 1.80605
0.254928 0.185216 0.949056 1.83372
0.279406 0.203001 0.938468 1.85461
0.303597 0.220576 0.926917 1.86879
0.327477 0.237926 0.914413 1.87619
0.351019 0.25503 0.900969 1.87657
0.374201 0.271873 0.886599 1.86955
0.396999 0.288437 0.871319 1.85454
0.419388 0.304704 0.855143 1.83506
0.441347 0.320657 0.838088 1.84219
0.462852 0.336282 0.820172 1.83934
0.483882 0.351561 0.801414 1.82508
0.504414 0.366478 0.781831 1.79745
0.524428 0.381019 0.761446 1.75376
0.543903 0.395169 0.740278 1.70057
0.562819 0.408912 0.718349 1.71612
0.581157 0.422235 0.695683 1.71083
0.598897 0.435125 0.672301 1.68411
0.616023 0.447567 0.648228 1.63449
0.632515 0.459549 0.62349 1.63662
0.648357 0.471059 0.59811 1.65953
0.663533 0.482085 0.572117 1.65778
0.678028 0.492616 0.545535 1.6286
0.691825 0.50264 0.518393 1.56769
0.704912 0.512148 0.490718 1.46872
0.717274 0.52113 0.462538 1.46905
0.728899 0.529576 0.433884 1.46279
0.739775 0.537478 0.404783 1.40465
0.749891 0.544828 0.375267 1.35248
0.759237 0.551618 0.345365 1.40326
0.767802 0.557841 0.315108 1.39158
0.775579 0.563491 0.284528 1.46888
0.782558 0.568562 0.253655 1.49253
0.788733 0.573048 0.222521 1.47048
0.794098 0.576946 0.191159 1.40762
0.798647 0.580251 0.1596 1.30575
0.802375 0.58296 0.127877 1.16344
0.805279 0.585069 0.096023 0.975584
0.807355 0.586578 0.0640702 0.732623
0.808601 0.587483 0.0320515 0.419087
0.809017 0.587785 -4.37114e-08 0.0112609
0.0253257 0.0196446 0.999486 1.29641
0.0506254 0.0392691 0.997945 1.39929
0.0758731 0.0588532 0.995379 1.48914
0.101043 0.0783768 0.99179 1.56733
0.126109 0.0978199 0.987182 1.63501
0.151045 0.117162 0.981559 1.69311
0.175826 0.136385 0.974928 1.74241
0.200426 0.155467 0.967295 1.78351
0.224821 0.174389 0.958668 1.81687
0.248984 0.193132 0.949056 1.84282
0.272892 0.211677 0.938468 1.86153
0.296519 0.230004 0.926917 1.87305
0.319842 0.248095 0.914413 1.87727
0.342835 0.26593 0.900969 1.87389
0.365477 0.283493 0.886599 1.86246
0.387743 0.300764 0.871319 1.84226
0.40961 0.317726 0.855143 1.84038
0.431057 0.334362 0.838088 1.84176
0.452061 0.350654 0.820172 1.832
0.4726 0.366586 0.801414 1.8094
0.492654 0.382141 0.781831 1.77158
0.512201 0.397304 0.761446 1.71531
0.531222 0.412058 0.740278 1.71305
0.549697 0.426389 0.718349 1.71505
0.567607 0.440281 0.695683 1.69592
0.584934 0.453722 0.672301 1.65469
0.60166 0.466696 0.648228 1.62277
0.617768 0.47919 0.62349 1.65388
0.633241 0.491192 0.59811 1.66149
0.648063 0.502689 0.572117 1.64354
0.66222 0.51367 0.545535 1.59674
0.675695 0.524123 0.518393 1.51614
0.688477 0.534037 0.490718 1.45679
0.700551 0.543403 0.462538 1.47174
0.711905 0.55221 0.433884 1.44053
0.722528 0.56045 0.404783 1.35589
0.732408 0.568114 0.375267 1.38304
0.741536 0.575194 0.345365 1.40555
0.749901 0.581683 0.315108 1.42824
0.757496 0.587574 0.284528 1.48279
0.764313 0.592862 0.253655 1.49023
0.770344 0.59754 0.222521 1.45697
0.775584 0.601605 0.191159 1.3867
0.780027 0.605051 0.1596 1.28042
0.783668 0.607875 0.127877 1.13624
0.786504 0.610075 0.096023 0.949086
0.788532 0.611648 0.0640702 0.709896
0.789749 0.612592 0.0320515 0.40443
0.790155 0.612907 -4.37114e-08 0.0112609
0.0246962 0.0204304 0.999486 1.30079
0.049367 0.0408399 0.997945 1.40691
0.073987 0.0612074 0.995379 1.49905
0.098531 0.081512 0.99179 1.57871
0.122974 0.101733 0.987182 1.64715
0.14729 0.121849 0.981559 1.7054
0.171455 0.14184 0.974928 1.7543
0.195444 0.161686 0.967295 1.7945
0.219232 0.181365 0.958668 1.82649
0.242795 0.200858 0.949056 1.85061
0.266108 0.220144 0.938468 1.86704
0.289148 0.239204 0.926917 1.87578
0.311891 0.258019 0.914413 1.87669
0.334313 0.276568 0.900969 1.8694
0.356392 0.294833 0.886599 1.85336
0.378104 0.312795 0.871319 1.83623
0.399428 0.330436 0.855143 1.84243
0.420342 0.347737 0.838088 1.83772
0.440823 0.364681 0.820172 1.82064
0.460852 0.38125 0.801414 1.78912
0.480407 0.397427 0.781831 1.74034
0.499469 0.413196 0.761446 1.70651
0.518017 0.428541 0.740278 1.71676
0.536033 0.443445 0.718349 1.7059
0.553498 0.457893 0.695683 1.67345
0.570394 0.471871 0.672301 1.61808
0.586704 0.485364 0.648228 1.64423
0.602412 0.498358 0.62349 1.66134
0.6175 0.51084 0.59811 1.65431
0.631954 0.522797 0.572117 1.62067
0.645758 0.534217 0.545535 1.5566
0.658899 0.545089 0.518393 1.45648
0.671363 0.555399 0.490718 1.46998
0.683137 0.56514 0.462538 1.46239
0.694208 0.574299 0.433884 1.40779
0.704567 0.582869 0.404783 1.34483
0.714202 0.590839 0.375267 1.39981
0.723102 0.598202 0.345365 1.39777
0.73126 0.604951 0.315108 1.45384
0.738666 0.611078 0.284528 1.49005
0.745314 0.616577 0.253655 1.48443
0.751195 0.621442 0.222521 1.44212
0.756304 0.625669 0.191159 1.36591
0.760637 0.629253 0.1596 1.25615
0.764187 0.632191 0.127877 1.11069
0.766953 0.634479 0.096023 0.924505
0.76893 0.636114 0.0640702 0.689029
0.770117 0.637097 0.0320515 0.391104
0.770513 0.637424 -4.37114e-08 0.0112609
0.0240422 0.0211961 0.999486 1.30504
0.0480598 0.0423704 0.997945 1.41426
0.0720279 0.0635012 0.995379 1.50854
0.0959221 0.0845667 0.99179 1.58953
0.119718 0.105545 0.987182 1.65861
0.14339 0.126415 0.981559 1.71689
0.166915 0.147156 0.974928 1.76527
0.190269 0.167745 0.967295 1.80447
0.213427 0.188161 0.958668 1.835
0.236366 0.208385 0.949056 1.8572
0.259062 0.228394 0.938468 1.87124
0.281492 0.248169 0.926917 1.87711
0.303632 0.267688 0.914413 1.87458
0.325461 0.286932 0.900969 1.86325
0.346955 0.305882 0.886599 1.84243
0.368093 0.324517 0.871319 1.84059
0.388852 0.342819 0.855143 1.84146
0.409212 0.360769 0.838088 1.83035
0.429151 0.378348 0.820172 1.80552
0.448649 0.395538 0.801414 1.76451
0.467687 0.412321 0.781831 1.704
0.486243 0.428681 0.761446 1.71492
0.5043 0.444601 0.740278 1.71314
0.521839 0.460063 0.718349 1.68999
0.538842 0.475053 0.695683 1.64465
0.555291 0.489555 0.672301 1.62985
0.571169 0.503553 0.648228 1.65675
0.58646 0.517034 0.62349 1.66053
0.601149 0.529984 0.59811 1.63941
0.61522 0.54239 0.572117 1.59049
0.628659 0.554238 0.545535 1.5094
0.641452 0.565516 0.518393 1.45794
0.653586 0.576213 0.490718 1.47179
0.665048 0.586319 0.462538 1.44323
0.675827 0.595821 0.433884 1.36653
0.685911 0.604712 0.404783 1.37481
0.695291 0.612981 0.375267 1.40589
0.703956 0.62062 0.345365 1.40589
0.711897 0.627622 0.315108 1.47119
0.719107 0.633978 0.284528 1.49249
0.725579 0.639684 0.253655 1.47622
0.731304 0.644731 0.222521 1.42654
0.736278 0.649117 0.191159 1.3455
0.740496 0.652835 0.1596 1.23301
0.743953 0.655883 0.127877 1.08672
0.746645 0.658256 0.096023 0.901695
0.74857 0.659953 0.0640702 0.66984
0.749726 0.660972 0.0320515 0.378958
0.750111 0.661312 -4.37114e-08 0.0112608
0.0233646 0.0219408 0.999486 1.30915
0.0467052 0.0438591 0.997945 1.42133
0.0699978 0.0657323 0.995379 1.51762
0.0932184 0.0875379 0.99179 1.59981
0.116343 0.109254 0.987182 1.6694
0.139349 0.130857 0.981559 1.7276
0.162211 0.152326 0.974928 1.77539
0.184906 0.173639 0.967295 1.8135
0.207412 0.194773 0.958668 1.84248
0.229704 0.215706 0.949056 1.86268
0.25176 0.236419 0.938468 1.87426
0.273558 0.256888 0.926917 1.87716
0.295074 0.277093 0.914413 1.87111
0.316288 0.297014 0.900969 1.8556
0.337176 0.316629 0.886599 1.83543
0.357718 0.335919 0.871319 1.84239
0.377892 0.354864 0.855143 1.8377
0.397678 0.373444 0.838088 1.81989
0.417055 0.391641 0.820172 1.78687
0.436004 0.409435 0.801414 1.7358
0.454505 0.426808 0.781831 1.70834
0.472538 0.443743 0.761446 1.71661
0.490086 0.460222 0.740278 1.7034
0.507131 0.476227 0.718349 1.66842
0.523654 0.491744 0.695683 1.61053
0.539639 0.506755 0.672301 1.64705
0.55507 0.521246 0.648228 1.66172
0.569931 0.5352 0.62349 1.65274
0.584205 0.548605 0.59811 1.61799
0.59788 0.561447 0.572117 1.55411
0.61094 0.573711 0.545535 1.45624
0.623372 0.585386 0.518393 1.46953
0.635164 0.596459 0.490718 1.46429
0.646303 0.606919 0.462538 1.41606
0.656778 0.616756 0.433884 1.33168
0.666578 0.625959 0.404783 1.39349
0.675693 0.634518 0.375267 1.40366
0.684114 0.642426 0.345365 1.43385
0.691832 0.649673 0.315108 1.48237
0.698839 0.656253 0.284528 1.49142
0.705128 0.662159 0.253655 1.46638
0.710692 0.667384 0.222521 1.41064
0.715526 0.671924 0.191159 1.32567
0.719625 0.675772 0.1596 1.21104
0.722984 0.678927 0.127877 1.06426
0.7256 0.681384 0.096023 0.880521
0.727471 0.683141 0.0640702 0.652174
0.728594 0.684195 0.0320515 0.367864
0.728969 0.684547 -4.37114e-08 0.0112608
0.0226639 0.0226639 0.999486 1.31312
0.0453045 0.0453045 0.997945 1.42813
0.0678985 0.0678985 0.995379 1.52629
0.0904228 0.0904228 0.99179 1.60957
0.112854 0.112854 0.987182 1.67957
0.13517 0.13517 0.981559 1.73759
0.157346 0.157346 0.974928 1.78469
0.179361 0.179361 0.967295 1.82164
0.201191 0.201191 0.958668 1.84901
0.222815 0.222815 0.949056 1.86715
0.24421 0.24421 0.938468 1.87619
0.265354 0.265354 0.926917 1.87605
0.286225 0.286225 0.914413 1.86638
0.306802 0.306802 0.900969 1.84659
0.327064 0.327064 0.886599 1.83968
0.34699 0.34699 0.871319 1.84185
0.366559 0.366559 0.855143 1.83139
0.385751 0.385751 0.838088 1.80657
0.404548 0.404548 0.820172 1.76497
0.422928 0.422928 0.801414 1.70327
0.440874 0.440874 0.781831 1.71514
0.458367 0.458367 0.761446 1.71269
0.475389 0.475389 0.740278 1.68854
0.491922 0.491922 0.718349 1.64212
0.50795 0.50795 0.695683 1.63142
0.523456 0.523456 0.672301 1.65729
0.538424 0.538424 0.648228 1.66032
0.552838 0.552838 0.62349 1.63907
0.566685 0.566685 0.59811 1.59106
0.579949 0.579949 0.572117 1.51253
0.592618 0.592618 0.545535 1.4559
0.604677 0.604677 0.518393 1.47221
0.616115 0.616115 0.490718 1.44918
0.62692 0.62692 0.462538 1.38237
0.637081 0.637081 0.433884 1.36208
0.646587 0.646587 0.404783 1.40328
0.655429 0.655429 0.375267 1.39494
0.663597 0.663597 0.345365 1.4543
0.671084 0.671084 0.315108 1.48892
0.677881 0.677881 0.284528 1.4878
0.683981 0.683981 0.253655 1.45549
0.689378 0.689378 0.222521 1.39473
0.694067 0.694067 0.191159 1.30654
0.698043 0.698043 0.1596 1.19023
0.701301 0.701301 0.127877 1.04322
0.703839 0.703839 0.096023 0.860862
0.705654 0.705654 0.0640702 0.635891
0.706743 0.706743 0.0320515 0.357713
0.707107 0.707107 -4.37114e-08 0.0112608
0.0219408 0.0233646 0.999486 1.31694
0.0438591 0.0467052 0.997945 1.43465
0.0657323 0.0699978 0.995379 1.53456
0.0875379 0.0932184 0.99179 1.61881
0.109254 0.116343 0.987182 1.68912
0.130857 0.139349 0.981559 1.74689
0.152326 0.162211 0.974928 1.79322
0.173639 0.184906 0.967295 1.82895
0.194773 0.207412 0.958668 1.85465
0.215706 0.229704 0.949056 1.87068
0.236419 0.25176 0.938468 1.87714
0.256888 0.273558 0.926917 1.8739
0.277093 0.295074 0.914413 1.86056
0.297014 0.316288 0.900969 1.83638
0.316629 0.337176 0.886599 1.84196
0.335919 0.357718 0.871319 1.83918
0.354864 0.377892 0.855143 1.82274
0.373444 0.397678 0.838088 1.79063
0.391641 0.417055 0.820172 1.74005
0.409435 0.436004 0.801414 1.70732
0.426808 0.454505 0.781831 1.71669
0.443743 0.472538 0.761446 1.70406
0.460222 0.490086 0.740278 1.66941
0.476227 0.507131 0.718349 1.61189
0.491744 0.523654 0.695683 1.64649
0.506755 0.539639 0.672301 1.66163
0.521246 0.55507 0.648228 1.65353
0.5352 0.569931 0.62349 1.62044
0.548605 0.584205 0.59811 1.55953
0.561447 0.59788 0.572117 1.46662
0.573711 0.61094 0.545535 1.46757
0.585386 0.623372 0.518393 1.46757
0.596459 0.635164 0.490718 1.42787
0.606919 0.646303 0.462538 1.34344
0.616756 0.656778 0.433884 1.38298
0.625959 0.666578 0.404783 1.40604
0.634518 0.675693 0.375267 1.40768
0.642426 0.684114 0.345365 1.46897
0.649673 0.691832 0.315108 1.49198
0.656253 0.698839 0.284528 1.48237
0.662159 0.705128 0.253655 1.44397
0.667384 0.710692 0.222521 1.37902
0.671923 0.715526 0.191159 1.28819
0.675772 0.719625 0.1596 1.17056
0.678927 0.722984 0.127877 1.02354
0.681384 0.7256 0.096023 0.842606
0.683141 0.727471 0.0640702 0.620871
0.684195 0.728594 0.0320515 0.348411
0.684547 0.728969 -4.37114e-08 0.0112608
0.0211961 0.0240422 0.999486 1.32063
0.0423704 0.0480598 0.997945 1.44089
0.0635012 0.0720279 0.995379 1.54244
0.0845667 0.0959221 0.99179 1.62755
0.105545 0.119718 0.987182 1.69808
0.126415 0.14339 0.981559 1.75553
0.147156 0.166915 0.974928 1.80104
0.167745 0.190269 0.967295 1.83549
0.188161 0.213427 0.958668 1.85949
0.208385 0.236366 0.949056 1.87337
0.228394 0.259062 0.938468 1.87721
0.248169 0.281492 0.926917 1.87084
0.267688 0.303632 0.914413 1.85375
0.286932 0.325461 0.900969 1.83713
0.305882 0.346955 0.886599 1.84242
0.324517 0.368093 0.871319 1.83458
0.342819 0.388852 0.855143 1.81197
0.360769 0.409212 0.838088 1.77231
0.378348 0.429151 0.820172 1.71239
0.395538 0.448649 0.801414 1.71408
0.412321 0.467687 0.781831 1.71387
0.428681 0.486243 0.761446 1.69151
0.444601 0.5043 0.740278 1.64675
0.460063 0.521839 0.718349 1.62842
0.475053 0.538842 0.695683 1.65603
0.489555 0.555291 0.672301 1.66099
0.503553 0.571169 0.648228 1.64221
0.517034 0.58646 0.62349 1.59767
0.529984 0.601149 0.59811 1.52419
0.54239 0.61522 0.572117 1.45042
0.554238 0.628659 0.545535 1.47213
0.565516 0.641452 0.518393 1.45694
0.576213 0.653586 0.490718 1.40153
0.586319 0.665048 0.462538 1.3434
0.595821 0.675827 0.433884 1.39631
0.604712 0.685911 0.404783 1.40327
0.612981 0.695291 0.375267 1.43099
0.62062 0.703956 0.345365 1.47917
0.627622 0.711897 0.315108 1.49243
0.633978 0.719107 0.284528 1.47565
0.639684 0.725579 0.253655 1.43214
0.644731 0.731304 0.222521 1.36368
0.649117 0.736278 0.191159 1.27066
0.652835 0.740496 0.1596 1.15201
0.655882 0.743953 0.127877 1.00514
0.658256 0.746645 0.096023 0.825653
0.659953 0.74857 0.0640702 0.607008
0.660972 0.749726 0.0320515 0.339877
0.661312 0.750111 -4.37114e-08 0.0112608
0.0204304 0.0246962 0.999486 1.32417
0.0408399 0.049367 0.997945 1.44685
0.0612074 0.073987 0.995379 1.54992
0.081512 0.0985311 0.99179 1.63581
0.101733 0.122974 0.987182 1.70649
0.121849 0.14729 0.981559 1.76354
0.14184 0.171455 0.974928 1.80818
0.161686 0.195444 0.967295 1.84132
0.181365 0.219232 0.958668 1.86358
0.200858 0.242795 0.949056 1.87529
0.220144 0.266108 0.938468 1.8765
0.239204 0.289148 0.926917 1.86695
0.258019 0.311891 0.914413 1.84609
0.276568 0.334313 0.900969 1.84026
0.294833 0.356392 0.886599 1.84127
0.312795 0.378104 0.871319 1.82824
0.330436 0.399428 0.855143 1.79931
0.347737 0.420342 0.838088 1.75186
0.364681 0.440823 0.820172 1.70321
0.38125 0.460852 0.801414 1.71668
0.397427 0.480407 0.781831 1.70739
0.413196 0.499469 0.761446 1.67575
0.428541 0.518017 0.740278 1.62122
0.443445 0.536033 0.718349 1.6427
0.457893 0.553498 0.695683 1.6609
0.471871 0.570394 0.672301 1.65615
0.485364 0.586704 0.648228 1.62712
0.498358 0.602412 0.62349 1.5715
0.51084 0.6175 0.59811 1.48575
0.522797 0.631954 0.572117 1.46317
0.534217 0.645758 0.545535 1.47083
0.545089 0.658899 0.518393 1.44142
0.555399 0.671363 0.490718 1.37118
0.56514 0.683137 0.462538 1.36665
0.574299 0.694208 0.433884 1.40358
0.582869 0.704567 0.404783 1.39615
0.590839 0.714202 0.375267 1.44882
0.598202 0.723102 0.345365 1.48593
0.604951 0.73126 0.315108 1.49092
0.611078 0.738666 0.284528 1.46808
0.616577 0.745314 0.253655 1.42022
0.621442 0.751195 0.222521 1.34881
0.625669 0.756304 0.191159 1.25398
0.629253 0.760637 0.1596 1.13456
0.632191 0.764187 0.127877 0.987951
0.634479 0.766953 0.096023 0.809914
0.636114 0.76893 0.0640702 0.594208
0.637096 0.770117 0.0320515 0.33204
0.637424 0.770513 -4.37114e-08 0.0112608
0.0196446 0.0253257 0.999486 1.32756
0.0392691 0.0506254 0.997945 1.45254
0.0588532 0.0758731 0.995379 1.55702
0.0783768 0.101043 0.99179 1.64359
0.0978199 0.126109 0.987182 1.71435
0.117162 0.151045 0.981559 1.77095
0.136385 0.175826 0.974928 1.81469
0.155467 0.200426 0.967295 1.8465
0.174389 0.224821 0.958668 1.867
0.193132 0.248984 0.949056 1.87653
0.211677 0.272892 0.938468 1.87509
0.230004 0.296519 0.926917 1.86237
0.248095 0.319842 0.914413 1.8377
0.26593 0.342835 0.900969 1.84198
0.283493 0.365477 0.886599 1.83866
0.300764 0.387743 0.871319 1.82035
0.317726 0.409611 0.855143 1.78497
0.334362 0.431057 0.838088 1.72953
0.350654 0.452061 0.820172 1.71091
0.366586 0.4726 0.801414 1.7158
0.382141 0.492654 0.781831 1.6979
0.397304 0.512201 0.761446 1.65735
0.412058 0.531222 0.740278 1.6206
0.426389 0.549697 0.718349 1.65253
0.440281 0.567607 0.695683 1.66183
0.453722 0.584934 0.672301 1.64782
0.466696 0.60166 0.648228 1.60893
0.47919 0.617768 0.62349 1.54256
0.491192 0.633241 0.59811 1.44487
0.502689 0.648063 0.572117 1.47013
0.51367 0.66222 0.545535 1.46474
0.524123 0.675695 0.518393 1.42199
0.534037 0.688477 0.490718 1.33769
0.543403 0.700551 0.462538 1.3833
0.55221 0.711905 0.433884 1.40602
0.56045 0.722528 0.404783 1.39964
0.568114 0.732408 0.375267 1.46234
0.575194 0.741536 0.345365 1.49002
0.581683 0.749901 0.315108 1.48797
0.587574 0.757496 0.284528 1.45996
0.592862 0.764313 0.253655 1.40841
0.59754 0.770344 0.222521 1.33449
0.601605 0.775584 0.191159 1.23816
0.605051 0.780027 0.1596 1.11816
0.607875 0.783668 0.127877 0.971913
0.610075 0.786504 0.096023 0.795308
0.611648 0.788532 0.0640702 0.582388
0.612592 0.789749 0.0320515 0.32484
0.612907 0.790155 -4.37114e-08 0.0112608
0.0188394 0.0259303 0.999486 1.3308
0.0376595 0.0518339 0.997945 1.45796
0.0564409 0.0776843 0.995379 1.56375
0.0751643 0.103455 0.99179 1.65092
0.0938105 0.129119 0.987182 1.72169
0.11236 0.154651 0.981559 1.77781
0.130795 0.180023 0.974928 1.82061
0.149094 0.205211 0.967295 1.85107
0.167241 0.230188 0.958668 1.86982
0.185216 0.254928 0.949056 1.87716
0.203 0.279406 0.938468 1.87308
0.220576 0.303597 0.926917 1.85718
0.237926 0.327477 0.914413 1.83586
0.25503 0.351019 0.900969 1.84246
0.271873 0.374201 0.886599 1.83476
0.288437 0.396999 0.871319 1.81112
0.304704 0.419388 0.855143 1.76917
0.320657 0.441347 0.838088 1.70558
0.336282 0.462852 0.820172 1.71523
0.351561 0.483882 0.801414 1.71205
0.366478 0.504414 0.781831 1.68594
0.381019 0.524428 0.761446 1.63685
0.395169 0.543903 0.740278 1.63493
0.408912 0.562819 0.718349 1.6586
0.422235 0.581157 0.695683 1.65945
0.435124 0.598898 0.672301 1.63659
0.447567 0.616023 0.648228 1.58822
0.459549 0.632515 0.62349 1.51145
0.471059 0.648357 0.59811 1.45482
0.482085 0.663533 0.572117 1.47231
0.492616 0.678028 0.545535 1.45475
0.50264 0.691825 0.518393 1.39946
0.512148 0.704912 0.490718 1.34249
0.52113 0.717274 0.462538 1.39463
0.529576 0.728899 0.433884 1.40464
0.537478 0.739775 0.404783 1.4204
0.544828 0.749891 0.375267 1.47245
0.551618 0.759237 0.345365 1.49205
0.557841 0.767802 0.315108 1.48397
0.563491 0.775579 0.284528 1.45153
0.568562 0.782558 0.253655 1.39683
0.573048 0.788733 0.222521 1.32078
0.576946 0.794098 0.191159 1.22321
0.580251 0.798647 0.1596 1.10279
0.58296 0.802375 0.127877 0.956964
0.585069 0.805279 0.096023 0.78176
0.586578 0.807355 0.0640702 0.571475
0.587483 0.808601 0.0320515 0.318223
0.587785 0.809017 -4.37114e-08 0.0112607
0.0180157 0.0265092 0.999486 1.3339
0.0360128 0.0529912 0.997945 1.4631
0.0539729 0.0794188 0.995379 1.5701
0.0718776 0.105765 0.99179 1.6578
0.0897084 0.132002 0.987182 1.72853
0.107447 0.158104 0.981559 1.78413
0.125075 0.184043 0.974928 1.82598
0.142575 0.209793 0.967295 1.85508
0.159928 0.235327 0.958668 1.87208
0.177117 0.26062 0.949056 1.87726
0.194124 0.285645 0.938468 1.87055
0.210931 0.310376 0.926917 1.85149
0.227522 0.334788 0.914413 1.83886
0.243879 0.358857 0.900969 1.84184
0.259985 0.382556 0.886599 1.82975
0.275824 0.405863 0.871319 1.80073
0.29138 0.428752 0.855143 1.75213
0.306636 0.451201 0.838088 1.70382
0.321577 0.473187 0.820172 1.71674
0.336188 0.494686 0.801414 1.70592
0.350453 0.515676 0.781831 1.67202
0.364358 0.536137 0.761446 1.61473
0.377889 0.556047 0.740278 1.64561
0.391032 0.575386 0.718349 1.6615
0.403772 0.594133 0.695683 1.65433
0.416098 0.61227 0.672301 1.62302
0.427996 0.629777 0.648228 1.56552
0.439454 0.646638 0.62349 1.47871
0.450461 0.662834 0.59811 1.46435
0.461005 0.678349 0.572117 1.47058
0.471075 0.693166 0.545535 1.44165
0.480662 0.707272 0.518393 1.37455
0.489754 0.720651 0.490718 1.36221
0.498343 0.733289 0.462538 1.40164
0.50642 0.745174 0.433884 1.40024
0.513976 0.756293 0.404783 1.43696
0.521004 0.766635 0.375267 1.47984
0.527497 0.776189 0.345365 1.49251
0.533448 0.784946 0.315108 1.47924
0.538851 0.792896 0.284528 1.44299
0.5437 0.800031 0.253655 1.38558
0.547991 0.806344 0.222521 1.30772
0.551718 0.811829 0.191159 1.20912
0.554878 0.816479 0.1596 1.0884
0.557469 0.82029 0.127877 0.943049
0.559486 0.823259 0.096023 0.769204
0.560929 0.825381 0.0640702 0.561404
0.561795 0.826656 0.0320515 0.312141
0.562083 0.827081 -4.37114e-08 0.0112607
0.0171741 0.027062 0.999486 1.33684
0.0343305 0.0540963 0.997945 1.46797
0.0514517 0.0810749 0.995379 1.57609
0.06852 0.10797 0.99179 1.66425
0.0855179 0.134755 0.987182 1.7349
0.102428 0.161401 0.981559 1.78994
0.119233 0.187881 0.974928 1.83083
0.135915 0.214168 0.967295 1.85859
0.152458 0.240235 0.958668 1.87386
0.168843 0.266055 0.949056 1.8769
0.185056 0.291601 0.938468 1.86759
0.201078 0.316848 0.926917 1.8454
0.216894 0.34177 0.914413 1.84088
0.232487 0.36634 0.900969 1.84027
0.24784 0.390534 0.886599 1.82379
0.26294 0.414327 0.871319 1.78938
0.277769 0.437693 0.855143 1.7341
0.292312 0.46061 0.838088 1.71019
0.306555 0.483054 0.820172 1.71592
0.320484 0.505001 0.801414 1.69789
0.334083 0.52643 0.781831 1.65656
0.347338 0.547317 0.761446 1.62171
0.360237 0.567642 0.740278 1.65318
0.372765 0.587384 0.718349 1.66174
0.384911 0.606522 0.695683 1.64697
0.396661 0.625037 0.672301 1.60759
0.408003 0.64291 0.648228 1.54134
0.418926 0.660122 0.62349 1.44484
0.429419 0.676656 0.59811 1.4699
0.43947 0.692494 0.572117 1.46567
0.44907 0.707621 0.545535 1.42612
0.458208 0.722021 0.518393 1.34789
0.466876 0.735679 0.490718 1.37713
0.475064 0.748581 0.462538 1.40521
0.482763 0.760713 0.433884 1.3935
0.489967 0.772064 0.404783 1.45012
0.496667 0.782622 0.375267 1.4851
0.502856 0.792375 0.345365 1.49178
0.508529 0.801314 0.315108 1.47402
0.51368 0.80943 0.284528 1.43448
0.518303 0.816714 0.253655 1.37473
0.522392 0.823159 0.222521 1.29533
0.525946 0.828758 0.191159 1.19588
0.528958 0.833505 0.1596 1.07497
0.531428 0.837396 0.127877 0.930115
0.533351 0.840426 0.096023 0.757582
0.534726 0.842593 0.0640702 0.552117
0.535551 0.843894 0.0320515 0.306555
0.535827 0.844328 -4.37114e-08 0.0112607
0.0163156 0.0275881 0.999486 1.33963
0.0326144 0.0551479 0.997945 1.47257
0.0488797 0.0826511 0.995379 1.58172
0.0650948 0.110069 0.99179 1.67027
0.081243 0.137374 0.987182 1.7408
0.0973077 0.164538 0.981559 1.79528
0.113272 0.191533 0.974928 1.83521
0.129121 0.218331 0.967295 1.86164
0.144836 0.244905 0.958668 1.8752
0.160403 0.271227 0.949056 1.87614
0.175805 0.29727 0.938468 1.86427
0.191026 0.323008 0.926917 1.83902
0.206051 0.348414 0.914413 1.84204
0.220865 0.373462 0.900969 1.83787
0.235451 0.398126 0.886599 1.81703
0.249796 0.422381 0.871319 1.77725
0.263883 0.446202 0.855143 1.71529
0.2777 0.469565 0.838088 1.71421
0.291231 0.492445 0.820172 1.7132
0.304463 0.514819 0.801414 1.68836
0.317382 0.536664 0.781831 1.63996
0.329975 0.557957 0.761446 1.63345
0.342229 0.578678 0.740278 1.65815
0.354131 0.598803 0.718349 1.6598
0.36567 0.618313 0.695683 1.63782
0.376832 0.637188 0.672301 1.59075
0.387608 0.655409 0.648228 1.51611
0.397985 0.672955 0.62349 1.45252
0.407953 0.68981 0.59811 1.47217
0.417502 0.705957 0.572117 1.45824
0.426622 0.721378 0.545535 1.40875
0.435303 0.736057 0.518393 1.33047
0.443537 0.749981 0.490718 1.38812
0.451316 0.763133 0.462538 1.40601
0.45863 0.775502 0.433884 1.4009
0.465474 0.787073 0.404783 1.46053
0.471839 0.797836 0.375267 1.48866
0.477719 0.807779 0.345365 1.49015
0.483109 0.816892 0.315108 1.46851
0.488002 0.825166 0.284528 1.42612
0.492393 0.832591 0.253655 1.36435
0.496279 0.839161 0.222521 1.28363
0.499654 0.844869 0.191159 1.18348
0.502516 0.849709 0.1596 1.06245
0.504862 0.853675 0.127877 0.918116
0.506689 0.856765 0.096023 0.746839
0.507995 0.858974 0.0640702 0.543563
0.50878 0.8603 0.0320515 0.301428
0.509041 0.860742 -4.37114e-08 0.0112607
0.015441 0.028087 0.999486 1.34226
0.0308661 0.0561452 0.997945 1.4769
0.0462594 0.0841456 0.995379 1.58699
0.0616053 0.11206 0.99179 1.67589
0.0768878 0.139858 0.987182 1.74626
0.0920914 0.167514 0.981559 1.80017
0.1072 0.194997 0.974928 1.83915
0.122199 0.222279 0.967295 1.86427
0.137072 0.249333 0.958668 1.87617
0.151805 0.276131 0.949056 1.87505
0.166381 0.302646 0.938468 1.86069
0.180786 0.328849 0.926917 1.83434
0.195006 0.354714 0.914413 1.84246
0.209025 0.380215 0.900969 1.83479
0.22283 0.405325 0.886599 1.80965
0.236405 0.430019 0.871319 1.76454
0.249738 0.454271 0.855143 1.69855
0.262813 0.478056 0.838088 1.71627
0.275619 0.50135 0.820172 1.70894
0.288142 0.524128 0.801414 1.67768
0.300368 0.546368 0.781831 1.62258
0.312286 0.568047 0.761446 1.64258
0.323883 0.589142 0.740278 1.66093
0.335148 0.609631 0.718349 1.65608
0.346067 0.629494 0.695683 1.62729
0.356632 0.648711 0.672301 1.5729
0.366829 0.66726 0.648228 1.49025
0.37665 0.685124 0.62349 1.46113
0.386084 0.702284 0.59811 1.47179
0.395121 0.718722 0.572117 1.44885
0.403752 0.734422 0.545535 1.39007
0.411968 0.749367 0.518393 1.34852
0.419761 0.763542 0.490718 1.39592
0.427122 0.776933 0.462538 1.40466
0.434045 0.789525 0.433884 1.41683
0.440522 0.801306 0.404783 1.46871
0.446546 0.812263 0.375267 1.4909
0.452111 0.822386 0.345365 1.48788
0.457211 0.831664 0.315108 1.46286
0.461842 0.840087 0.284528 1.418
0.465998 0.847647 0.253655 1.35448
0.469675 0.854336 0.222521 1.27263
0.47287 0.860147 0.191159 1.17189
0.475578 0.865074 0.1596 1.05082
0.477798 0.869112 0.127877 0.907007
0.479528 0.872257 0.096023 0.736927
0.480764 0.874506 0.0640702 0.535695
0.481506 0.875856 0.0320515 0.296727
0.481754 0.876307 -4.37114e-08 0.0112607
0.0145511 0.0285582 0.999486 1.34474
0.0290873 0.057087 0.997945 1.48096
0.0435935 0.0855571 0.995379 1.59191
0.058055 0.113939 0.99179 1.68111
0.0724568 0.142205 0.987182 1.75131
0.0867842 0.170324 0.981559 1.80464
0.101022 0.198268 0.974928 1.84268
0.115157 0.226008 0.967295 1.86653
0.129173 0.253516 0.958668 1.8768
0.143056 0.280763 0.949056 1.87369
0.156792 0.307723 0.938468 1.85691
0.170368 0.334365 0.926917 1.83694
0.183768 0.360665 0.914413 1.84225
0.196979 0.386593 0.900969 1.83115
0.209988 0.412125 0.886599 1.80178
0.222781 0.437233 0.871319 1.75144
0.235345 0.461891 0.855143 1.70497
0.247668 0.486075 0.838088 1.71674
0.259736 0.50976 0.820172 1.7035
0.271536 0.53292 0.801414 1.66619
0.283058 0.555534 0.781831 1.61372
0.29429 0.577576 0.761446 1.64949
0.305218 0.599024 0.740278 1.66192
0.315833 0.619858 0.718349 1.65096
0.326124 0.640054 0.695683 1.61573
0.336079 0.659593 0.672301 1.55441
0.345689 0.678453 0.648228 1.46414
0.354944 0.696617 0.62349 1.46693
0.363834 0.714065 0.59811 1.46929
0.37235 0.730779 0.572117 1.43799
0.380484 0.746742 0.545535 1.37054
0.388227 0.761938 0.518393 1.36289
0.39557 0.776351 0.490718 1.40113
0.402508 0.789966 0.462538 1.40163
0.409031 0.802769 0.433884 1.42995
0.415135 0.814748 0.404783 1.47508
0.420811 0.825889 0.375267 1.49211
0.426056 0.836182 0.345365 1.48516
0.430862 0.845615 0.315108 1.4572
0.435226 0.854179 0.284528 1.41018
0.439143 0.861866 0.253655 1.34515
0.442608 0.868667 0.222521 1.26233
0.445619 0.874576 0.191159 1.16111
0.448171 0.879585 0.1596 1.04004
0.450263 0.883691 0.127877 0.896749
0.451893 0.886889 0.096023 0.727802
0.453058 0.889176 0.0640702 0.528473
0.453757 0.890549 0.0320515 0.292426
0.45399 0.891007 -4.37114e-08 0.0112607
0.0136469 0.0290011 0.999486 1.34707
0.0272798 0.0579725 0.997945 1.48475
0.0408846 0.0868842 0.995379 1.59649
0.0544474 0.115707 0.99179 1.68594
0.0679543 0.14441 0.987182 1.75594
0.0813914 0.172966 0.981559 1.8087
0.0947448 0.201343 0.974928 1.84584
0.108001 0.229514 0.967295 1.86845
0.121146 0.257448 0.958668 1.87716
0.134167 0.285118 0.949056 1.87212
0.147049 0.312496 0.938468 1.85301
0.159781 0.339552 0.926917 1.83892
0.172348 0.366259 0.914413 1.84151
0.184739 0.39259 0.900969 1.82708
0.196939 0.418517 0.886599 1.7936
0.208937 0.444015 0.871319 1.73812
0.220721 0.469056 0.855143 1.70967
0.232277 0.493615 0.838088 1.71592
0.243595 0.517667 0.820172 1.69716
0.254663 0.541187 0.801414 1.65419
0.265469 0.56415 0.781831 1.62423
0.276002 0.586535 0.761446 1.65454
0.286252 0.608316 0.740278 1.66144
0.296207 0.629472 0.718349 1.64477
0.305858 0.649982 0.695683 1.60349
0.315195 0.669824 0.672301 1.53562
0.324208 0.688977 0.648228 1.44314
0.332888 0.707422 0.62349 1.47042
0.341225 0.725141 0.59811 1.46515
0.349212 0.742114 0.572117 1.4261
0.356841 0.758325 0.545535 1.35059
0.364102 0.773756 0.518393 1.37422
0.370989 0.788393 0.490718 1.40427
0.377496 0.802219 0.462538 1.39735
0.383614 0.815221 0.433884 1.44075
0.389338 0.827385 0.404783 1.48
0.394662 0.838699 0.375267 1.49252
0.39958 0.849152 0.345365 1.48215
0.404088 0.858731 0.315108 1.45162
0.408181 0.867429 0.284528 1.40272
0.411854 0.875235 0.253655 1.33639
0.415104 0.882141 0.222521 1.25273
0.417928 0.888141 0.191159 1.15112
0.420322 0.893229 0.1596 1.03009
0.422284 0.897398 0.127877 0.887307
0.423812 0.900646 0.096023 0.719425
0.424904 0.902968 0.0640702 0.521861
0.425561 0.904362 0.0320515 0.288497
0.425779 0.904827 -4.37114e-08 0.0112607
0.0127292 0.0294155 0.999486 1.34924
0.0254454 0.0588007 0.997945 1.48827
0.0381353 0.0881256 0.995379 1.60073
0.0507861 0.11736 0.99179 1.69039
0.0633848 0.146474 0.987182 1.76018
0.0759182 0.175437 0.981559 1.81238
0.0883737 0.20422 0.974928 1.84864
0.100738 0.232793 0.967295 1.87007
0.113 0.261127 0.958668 1.87728
0.125145 0.289192 0.949056 1.8704
0.137161 0.31696 0.938468 1.84905
0.149036 0.344403 0.926917 1.84038
0.160759 0.371492 0.914413 1.84035
0.172316 0.398199 0.900969 1.82269
0.183696 0.424497 0.886599 1.78523
0.194887 0.450358 0.871319 1.72478
0.205879 0.475757 0.855143 1.71295
0.216658 0.500667 0.838088 1.7141
0.227215 0.525063 0.820172 1.6902
0.237538 0.548919 0.801414 1.64193
0.247618 0.572211 0.781831 1.63278
0.257443 0.594915 0.761446 1.65804
0.267003 0.617007 0.740278 1.65982
0.276289 0.638466 0.718349 1.63782
0.285291 0.659268 0.695683 1.59087
0.294 0.679394 0.672301 1.51683
0.302407 0.698821 0.648228 1.45185
0.310503 0.717529 0.62349 1.47206
0.31828 0.735501 0.59811 1.45977
0.32573 0.752717 0.572117 1.41358
0.332845 0.769159 0.545535 1.33057
0.339618 0.784811 0.518393 1.38306
0.346042 0.799657 0.490718 1.40577
0.352111 0.813681 0.462538 1.39217
0.357818 0.826868 0.433884 1.44962
0.363157 0.839206 0.404783 1.48375
0.368123 0.850682 0.375267 1.49234
0.372711 0.861284 0.345365 1.47897
0.376915 0.871 0.315108 1.44621
0.380733 0.879822 0.284528 1.39568
0.384159 0.887739 0.253655 1.3282
0.387191 0.894745 0.222521 1.24383
0.389824 0.90083 0.191159 1.14189
0.392057 0.905991 0.1596 1.02093
0.393887 0.91022 0.127877 0.878646
0.395313 0.913514 0.096023 0.711761
0.396332 0.915869 0.0640702 0.515826
0.396944 0.917283 0.0320515 0.284921
0.397148 0.917755 -4.37114e-08 0.0112607
0.011799 0.0298008 0.999486 1.35125
0.0235858 0.059571 0.997945 1.49153
0.0353484 0.08928 0.995379 1.60464
0.0470747 0.118897 0.99179 1.69447
0.0587526 0.148392 0.987182 1.76405
0.0703702 0.177735 0.981559 1.81571
0.0819154 0.206895 0.974928 1.85113
0.0933765 0.235842 0.967295 1.87143
0.104742 0.264547 0.958668 1.87722
0.115999 0.29298 0.949056 1.86858
0.127137 0.321112 0.938468 1.8451
0.138145 0.348914 0.926917 1.84139
0.149011 0.376358 0.914413 1.83886
0.159723 0.403415 0.900969 1.81812
0.170272 0.430057 0.886599 1.77683
0.180645 0.456258 0.871319 1.7116
0.190833 0.481989 0.855143 1.71508
0.200825 0.507226 0.838088 1.71151
0.21061 0.531941 0.820172 1.68287
0.220179 0.556109 0.801414 1.62966
0.229522 0.579706 0.781831 1.63967
0.238629 0.602708 0.761446 1.66028
0.24749 0.62509 0.740278 1.65731
0.256098 0.646829 0.718349 1.63036
0.264442 0.667904 0.695683 1.57813
0.272514 0.688293 0.672301 1.49833
0.280307 0.707975 0.648228 1.45848
0.287811 0.726929 0.62349 1.47223
0.29502 0.745136 0.59811 1.45352
0.301926 0.762577 0.572117 1.40075
0.308521 0.779235 0.545535 1.33679
0.314799 0.795092 0.518393 1.38985
0.320754 0.810132 0.490718 1.406
0.326379 0.824339 0.462538 1.39815
0.331669 0.8377 0.433884 1.4569
0.336618 0.850199 0.404783 1.48656
0.341221 0.861825 0.375267 1.49172
0.345473 0.872566 0.345365 1.47574
0.349371 0.88241 0.315108 1.44102
0.352909 0.891347 0.284528 1.38907
0.356085 0.899368 0.253655 1.3206
0.358895 0.906465 0.222521 1.23562
0.361336 0.912631 0.191159 1.13342
0.363406 0.917858 0.1596 1.01255
0.365102 0.922143 0.127877 0.870737
0.366423 0.92548 0.096023 0.704778
0.367368 0.927866 0.0640702 0.510339
0.367935 0.929299 0.0320515 0.281677
0.368125 0.929776 -4.37114e-08 0.0112607
0.0108571 0.0301567 0.999486 1.3531
0.021703 0.0602824 0.997945 1.49453
0.0325266 0.0903462 0.995379 1.60822
0.0433168 0.120317 0.99179 1.69819
0.0540625 0.150164 0.987182 1.76756
0.0647527 0.179857 0.981559 1.8187
0.0753763 0.209366 0.974928 1.85332
0.0859224 0.238659 0.967295 1.87255
0.0963803 0.267707 0.958668 1.877
0.106739 0.296479 0.949056 1.86672
0.116988 0.324947 0.938468 1.84122
0.127117 0.353082 0.926917 1.84203
0.137115 0.380853 0.914413 1.83713
0.146973 0.408233 0.900969 1.81347
0.156679 0.435193 0.886599 1.76854
0.166225 0.461707 0.871319 1.69875
0.175599 0.487746 0.855143 1.71627
0.184793 0.513283 0.838088 1.70839
0.193798 0.538294 0.820172 1.67537
0.202603 0.562751 0.801414 1.6176
0.2112 0.58663 0.781831 1.64515
0.21958 0.609906 0.761446 1.6615
0.227734 0.632555 0.740278 1.65417
0.235654 0.654554 0.718349 1.62265
0.243332 0.675881 0.695683 1.56552
0.25076 0.696513 0.672301 1.48038
0.257931 0.71643 0.648228 1.46338
0.264836 0.73561 0.62349 1.47128
0.271469 0.754035 0.59811 1.44672
0.277823 0.771684 0.572117 1.38793
0.283892 0.788541 0.545535 1.34844
0.289669 0.804587 0.518393 1.39497
0.295149 0.819807 0.490718 1.40528
0.300325 0.834184 0.462538 1.40913
0.305192 0.847704 0.433884 1.46285
0.309746 0.860353 0.404783 1.48862
0.313982 0.872118 0.375267 1.49079
0.317895 0.882987 0.345365 1.47254
0.321481 0.892948 0.315108 1.43612
0.324737 0.901992 0.284528 1.38293
0.327659 0.910109 0.253655 1.3136
0.330245 0.917291 0.222521 1.2281
0.332491 0.92353 0.191159 1.12569
0.334396 0.92882 0.1596 1.00492
0.335957 0.933156 0.127877 0.863553
0.337173 0.936533 0.096023 0.698448
0.338042 0.938948 0.0640702 0.505375
0.338564 0.940397 0.0320515 0.278747
0.338738 0.940881 -4.37114e-08 0.0112607
0.00990448 0.0304829 0.999486 1.35479
0.0197988 0.0609344 0.997945 1.49725
0.0296727 0.0913233 0.995379 1.61147
0.0395162 0.121618 0.99179 1.70156
0.0493191 0.151789 0.987182 1.77072
0.0590713 0.181803 0.981559 1.82136
0.0687627 0.21163 0.974928 1.85523
0.0783836 0.24124 0.967295 1.87348
0.0879239 0.270602 0.958668 1.87667
0.0973738 0.299686 0.949056 1.86485
0.106724 0.328462 0.938468 1.83747
0.115964 0.3569 0.926917 1.84237
0.125085 0.384972 0.914413 1.83525
0.134077 0.412648 0.900969 1.80883
0.142932 0.4399 0.886599 1.76048
0.15164 0.4667 0.871319 1.70191
0.160192 0.493021 0.855143 1.71673
0.16858 0.518835 0.838088 1.70492
0.176794 0.544115 0.820172 1.66791
0.184826 0.568837 0.801414 1.61294
0.192669 0.592974 0.781831 1.64945
0.200314 0.616502 0.761446 1.66192
0.207752 0.639396 0.740278 1.65061
0.214978 0.661633 0.718349 1.61491
0.221982 0.683191 0.695683 1.55328
0.228758 0.704046 0.672301 1.46322
0.2353 0.724178 0.648228 1.4669
0.241599 0.743566 0.62349 1.46952
0.24765 0.76219 0.59811 1.43965
0.253447 0.78003 0.572117 1.37539
0.258983 0.797069 0.545535 1.358
0.264254 0.813289 0.518393 1.39874
0.269252 0.828673 0.490718 1.40387
0.273974 0.843206 0.462538 1.41835
0.278415 0.856872 0.433884 1.4677
0.282569 0.869658 0.404783 1.4901
0.286433 0.88155 0.375267 1.48966
0.290003 0.892537 0.345365 1.46944
0.293274 0.902606 0.315108 1.43155
0.296245 0.911747 0.284528 1.37727
0.298911 0.919952 0.253655 1.30721
0.301269 0.927212 0.222521 1.22127
0.303318 0.933518 0.191159 1.11869
0.305056 0.938866 0.1596 0.998022
0.30648 0.943248 0.127877 0.857069
0.307589 0.946662 0.096023 0.692746
0.308382 0.949102 0.0640702 0.500912
0.308858 0.950568 0.0320515 0.276118
0.309017 0.951057 -4.37114e-08 0.0112607
0.0089421 0.0307789 0.999486 1.35633
0.017875 0.0615262 0.997945 1.49972
0.0267896 0.0922103 0.995379 1.6144
0.0356766 0.1228 0.99179 1.70459
0.0445269 0.153263 0.987182 1.77354
0.0533316 0.183568 0.981559 1.82372
0.0620814 0.213685 0.974928 1.8569
0.0707674 0.243583 0.967295 1.87423
0.0793807 0.27323 0.958668 1.87627
0.0879124 0.302596 0.949056 1.86302
0.0963538 0.331652 0.938468 1.83391
0.104696 0.360367 0.926917 1.84247
0.112931 0.388711 0.914413 1.83329
0.12105 0.416656 0.900969 1.80432
0.129044 0.444173 0.886599 1.75278
0.136906 0.471233 0.871319 1.70541
0.144627 0.497809 0.855143 1.71665
0.152199 0.523874 0.838088 1.70129
0.159615 0.5494 0.820172 1.66065
0.166867 0.574362 0.801414 1.61974
0.173948 0.598733 0.781831 1.65278
0.18085 0.62249 0.761446 1.66175
0.187566 0.645606 0.740278 1.64684
0.194089 0.66806 0.718349 1.60733
0.200413 0.689826 0.695683 1.54161
0.206531 0.710884 0.672301 1.44705
0.212437 0.731212 0.648228 1.46931
0.218124 0.750788 0.62349 1.4672
0.223587 0.769592 0.59811 1.43256
0.228821 0.787606 0.572117 1.36336
0.233819 0.804811 0.545535 1.36579
0.238577 0.821188 0.518393 1.40145
0.24309 0.836722 0.490718 1.402
0.247353 0.851396 0.462538 1.42606
0.251362 0.865195 0.433884 1.47164
0.255113 0.878105 0.404783 1.49111
0.258602 0.890112 0.375267 1.48843
0.261824 0.901205 0.345365 1.4665
0.264778 0.911372 0.315108 1.42733
0.26746 0.920603 0.284528 1.37212
0.269867 0.928887 0.253655 1.30143
0.271996 0.936217 0.222521 1.2151
0.273846 0.942585 0.191159 1.11239
0.275415 0.947984 0.1596 0.991834
0.276701 0.95241 0.127877 0.851265
0.277702 0.955856 0.096023 0.687649
0.278418 0.958321 0.0640702 0.496929
0.278848 0.9598 0.0320515 0.273776
0.278991 0.960294 -4.37114e-08 0.0112607
0.0079709 0.0310446 0.999486 1.3577
0.0159336 0.0620573 0.997945 1.50192
0.02388 0.0930063 0.995379 1.61701
0.0318018 0.12386 0.99179 1.70728
0.0396909 0.154586 0.987182 1.77603
0.0475392 0.185153 0.981559 1.82579
0.0553387 0.21553 0.974928 1.85834
0.0630813 0.245686 0.967295 1.87483
0.0707591 0.275589 0.958668 1.87582
0.0783642 0.305209 0.949056 1.86128
0.0858888 0.334515 0.938468 1.83512
0.0933251 0.363477 0.926917 1.84239
0.100666 0.392066 0.914413 1.83133
0.107902 0.420253 0.900969 1.80003
0.115029 0.448007 0.886599 1.74556
0.122036 0.475301 0.871319 1.70812
0.128919 0.502106 0.855143 1.71618
0.135669 0.528396 0.838088 1.69765
0.14228 0.554143 0.820172 1.65376
0.148744 0.57932 0.801414 1.62537
0.155056 0.603902 0.781831 1.65531
0.161208 0.627863 0.761446 1.66115
0.167194 0.651179 0.740278 1.64301
0.173009 0.673826 0.718349 1.60009
0.178646 0.695781 0.695683 1.53068
0.1841 0.717021 0.672301 1.44539
0.189364 0.737524 0.648228 1.47086
0.194434 0.757269 0.62349 1.46455
0.199303 0.776236 0.59811 1.42567
0.203969 0.794405 0.572117 1.35207
0.208424 0.811758 0.545535 1.3721
0.212665 0.828277 0.518393 1.40332
0.216688 0.843945 0.490718 1.39987
0.220488 0.858745 0.462538 1.43248
0.224062 0.872663 0.433884 1.47482
0.227405 0.885685 0.404783 1.49178
0.230515 0.897796 0.375267 1.48717
0.233388 0.908985 0.345365 1.46377
0.236021 0.919239 0.315108 1.42349
0.238411 0.92855 0.284528 1.36749
0.240556 0.936906 0.253655 1.29625
0.242455 0.944299 0.222521 1.20961
0.244104 0.950722 0.191159 1.10679
0.245502 0.956168 0.1596 0.986342
0.246648 0.960631 0.127877 0.846122
0.247541 0.964107 0.096023 0.683139
0.248179 0.966593 0.0640702 0.493409
0.248562 0.968086 0.0320515 0.271709
0.24869 0.968583 -4.37114e-08 0.0112607
0.00699183 0.0312797 0.999486 1.35892
0.0139765 0.0625272 0.997945 1.50387
0.0209468 0.0937105 0.995379 1.61931
0.0278955 0.124797 0.99179 1.70963
0.0348156 0.155756 0.987182 1.77821
0.0417 0.186555 0.981559 1.82759
0.0485414 0.217162 0.974928 1.85957
0.055333 0.247546 0.967295 1.87531
0.0620678 0.277675 0.958668 1.87536
0.0687387 0.307519 0.949056 1.85966
0.075339 0.337048 0.938468 1.8363
0.081862 0.366229 0.926917 1.84219
0.0883007 0.395035 0.914413 1.82944
0.0946488 0.423434 0.900969 1.79603
0.1009 0.451399 0.886599 1.73893
0.107047 0.4789 0.871319 1.7102
0.113084 0.505908 0.855143 1.71546
0.119005 0.532397 0.838088 1.69413
0.124803 0.558338 0.820172 1.64736
0.130474 0.583706 0.801414 1.62998
0.13601 0.608474 0.781831 1.65719
0.141407 0.632617 0.761446 1.66028
0.146658 0.65611 0.740278 1.63929
0.151758 0.678928 0.718349 1.59335
0.156703 0.701049 0.695683 1.52067
0.161487 0.72245 0.672301 1.45002
0.166104 0.743108 0.648228 1.47176
0.170551 0.763002 0.62349 1.46178
0.174823 0.782113 0.59811 1.41917
0.178915 0.80042 0.572117 1.34168
0.182823 0.817904 0.545535 1.37716
0.186544 0.834548 0.518393 1.40456
0.190072 0.850335 0.490718 1.39763
0.193406 0.865247 0.462538 1.43779
0.19654 0.879271 0.433884 1.47737
0.199473 0.892391 0.404783 1.49219
0.202201 0.904594 0.375267 1.48593
0.204721 0.915867 0.345365 1.46128
0.20703 0.926199 0.315108 1.42007
0.209127 0.93558 0.284528 1.36339
0.211009 0.943999 0.253655 1.29169
0.212674 0.951449 0.222521 1.20478
0.21412 0.95792 0.191159 1.10187
0.215347 0.963407 0.1596 0.981529
0.216352 0.967905 0.127877 0.841621
0.217135 0.971407 0.096023 0.679198
0.217695 0.973912 0.0640702 0.490337
0.218031 0.975415 0.0320515 0.269907
0.218143 0.975917 -4.37114e-08 0.0112607
0.00600587 0.0314839 0.999486 1.35997
0.0120056 0.0629354 0.997945 1.50555
0.0179929 0.0943222 0.995379 1.6213
0.0239618 0.125612 0.99179 1.71166
0.029906 0.156773 0.987182 1.78008
0.0358195 0.187773 0.981559 1.82912
0.0416963 0.218579 0.974928 1.8606
0.0475301 0.249162 0.967295 1.87568
0.0533151 0.279488 0.958668 1.8749
0.0590454 0.309527 0.949056 1.85818
0.0647149 0.339248 0.938468 1.83723
0.070318 0.36862 0.926917 1.84192
0.0758488 0.397614 0.914413 1.82767
0.0813017 0.426198 0.900969 1.7924
0.086671 0.454345 0.886599 1.73297
0.0919513 0.482026 0.871319 1.71177
0.0971371 0.50921 0.855143 1.7146
0.102223 0.535872 0.838088 1.69085
0.107204 0.561983 0.820172 1.64158
0.112075 0.587516 0.801414 1.63371
0.11683 0.612446 0.781831 1.65857
0.121466 0.636747 0.761446 1.65927
0.125977 0.660393 0.740278 1.6358
0.130358 0.68336 0.718349 1.58723
0.134605 0.705625 0.695683 1.5117
0.138714 0.727166 0.672301 1.45365
0.142681 0.747959 0.648228 1.47219
0.146501 0.767983 0.62349 1.45904
0.15017 0.787218 0.59811 1.41322
0.153685 0.805645 0.572117 1.33237
0.157042 0.823243 0.545535 1.38118
0.160238 0.839996 0.518393 1.40533
0.163269 0.855885 0.490718 1.39544
0.166132 0.870895 0.462538 1.44213
0.168825 0.88501 0.433884 1.47939
0.171344 0.898216 0.404783 1.49241
0.173687 0.910499 0.375267 1.48477
0.175851 0.921846 0.345365 1.45907
0.177835 0.932245 0.315108 1.41707
0.179636 0.941687 0.284528 1.35982
0.181253 0.950161 0.253655 1.28773
0.182683 0.957659 0.222521 1.2006
0.183926 0.964173 0.191159 1.09763
0.184979 0.969696 0.1596 0.977385
0.185843 0.974223 0.127877 0.837749
0.186515 0.977748 0.096023 0.675811
0.186996 0.980269 0.0640702 0.487699
0.187285 0.981783 0.0320515 0.268362
0.187381 0.982287 -4.37114e-08 0.0112607
0.00501397 0.031657 0.999486 1.36086
0.0100228 0.0632814 0.997945 1.50697
0.0150213 0.0948408 0.995379 1.62297
0.0200044 0.126303 0.99179 1.71338
0.0249669 0.157635 0.987182 1.78165
0.0299038 0.188805 0.981559 1.8304
0.0348099 0.219781 0.974928 1.86145
0.0396803 0.250532 0.967295 1.87597
0.0445099 0.281025 0.958668 1.87448
0.0492938 0.311229 0.949056 1.85688
0.054027 0.341113 0.938468 1.83797
0.0587047 0.370647 0.926917 1.84162
0.0633221 0.3998 0.914413 1.82609
0.0678744 0.428542 0.900969 1.78922
0.0723569 0.456844 0.886599 1.72778
0.0767651 0.484676 0.871319 1.71292
0.0810944 0.51201 0.855143 1.71371
0.0853404 0.538818 0.838088 1.68791
0.0894987 0.565073 0.820172 1.63652
0.0935651 0.590747 0.801414 1.63667
0.0975353 0.615814 0.781831 1.65954
0.101405 0.640248 0.761446 1.65823
0.105171 0.664024 0.740278 1.63267
0.108829 0.687118 0.718349 1.58186
0.112375 0.709505 0.695683 1.50391
0.115805 0.731164 0.672301 1.45646
0.119116 0.752071 0.648228 1.47231
0.122305 0.772206 0.62349 1.45649
0.125369 0.791547 0.59811 1.40795
0.128303 0.810075 0.572117 1.32742
0.131106 0.82777 0.545535 1.38433
0.133774 0.844615 0.518393 1.40576
0.136304 0.860591 0.490718 1.3934
0.138695 0.875684 0.462538 1.44562
0.140943 0.889876 0.433884 1.48097
0.143046 0.903155 0.404783 1.49251
0.145002 0.915505 0.375267 1.48373
0.146809 0.926914 0.345365 1.45716
0.148465 0.937371 0.315108 1.41451
0.149969 0.946865 0.284528 1.3568
0.151318 0.955386 0.253655 1.28439
0.152512 0.962925 0.222521 1.19708
0.15355 0.969475 0.191159 1.09406
0.154429 0.975028 0.1596 0.973896
0.15515 0.979579 0.127877 0.834493
0.155712 0.983124 0.096023 0.672966
0.156113 0.985659 0.0640702 0.485486
0.156354 0.987181 0.0320515 0.267066
0.156434 0.987688 -4.37114e-08 0.0112607
0.00401713 0.0317988 0.999486 1.36159
0.00803013 0.063565 0.997945 1.50813
0.0120349 0.0952659 0.995379 1.62434
0.0160273 0.126869 0.99179 1.71477
0.0200032 0.158341 0.987182 1.78293
0.0239585 0.189651 0.981559 1.83143
0.0278893 0.220766 0.974928 1.86213
0.0317913 0.251654 0.967295 1.87618
0.0356608 0.282284 0.958668 1.8741
0.0394935 0.312624 0.949056 1.85579
0.0432857 0.342642 0.938468 1.83853
0.0470334 0.372308 0.926917 1.84132
0.0507328 0.401592 0.914413 1.82473
0.05438 0.430462 0.900969 1.78653
0.0579714 0.458891 0.886599 1.72343
0.0615032 0.486848 0.871319 1.71375
0.0649718 0.514305 0.855143 1.71287
0.0683736 0.541233 0.838088 1.68539
0.0717052 0.567605 0.820172 1.63226
0.0749631 0.593394 0.801414 1.63897
0.078144 0.618573 0.781831 1.66022
0.0812445 0.643117 0.761446 1.65726
0.0842616 0.667 0.740278 1.62997
0.0871921 0.690197 0.718349 1.57734
0.090033 0.712685 0.695683 1.4974
0.0927814 0.734441 0.672301 1.45858
0.0954345 0.755442 0.648228 1.47224
0.0979894 0.775667 0.62349 1.45425
0.100444 0.795094 0.59811 1.40349
0.102795 0.813705 0.572117 1.33228
0.10504 0.83148 0.545535 1.38672
0.107178 0.8484 0.518393 1.40596
0.109205 0.864448 0.490718 1.3916
0.11112 0.879608 0.462538 1.44836
0.112921 0.893864 0.433884 1.48217
0.114606 0.907202 0.404783 1.49253
0.116173 0.919608 0.375267 1.48284
0.117621 0.931068 0.345365 1.45557
0.118948 0.941572 0.315108 1.4124
0.120153 0.951109 0.284528 1.35431
0.121234 0.959667 0.253655 1.28166
0.122191 0.96724 0.222521 1.19421
0.123022 0.973819 0.191159 1.09115
0.123727 0.979398 0.1596 0.971054
0.124304 0.983969 0.127877 0.831844
0.124754 0.98753 0.096023 0.670652
0.125076 0.990076 0.0640702 0.483687
0.125269 0.991605 0.0320515 0.266014
0.125333 0.992115 -4.37114e-08 0.0112607
0.00301632 0.0319093 0.999486 1.36216
0.00602954 0.0637859 0.997945 1.50904
0.00903656 0.0955969 0.995379 1.6254
0.0120343 0.12731 0.99179 1.71585
0.0150197 0.158892 0.987182 1.78392
0.0179896 0.19031 0.981559 1.83223
0.0209411 0.221533 0.974928 1.86265
0.023871 0.252529 0.967295 1.87633
0.0267764 0.283265 0.958668 1.8738
0.0296543 0.31371 0.949056 1.85492
0.0325017 0.343832 0.938468 1.83894
0.0353157 0.373602 0.926917 1.84106
0.0380935 0.402987 0.914413 1.82363
0.0408321 0.431958 0.900969 1.78439
0.0435287 0.460486 0.886599 1.71998
0.0461806 0.48854 0.871319 1.71432
0.048785 0.516092 0.855143 1.71214
0.0513393 0.543114 0.838088 1.68336
0.0538409 0.569578 0.820172 1.62888
0.0562872 0.595456 0.801414 1.64068
0.0586755 0.620723 0.781831 1.66066
0.0610037 0.645352 0.761446 1.65642
0.0632691 0.669317 0.740278 1.62779
0.0654695 0.692595 0.718349 1.57374
0.0676026 0.715161 0.695683 1.49224
0.0696663 0.736993 0.672301 1.46012
0.0716584 0.758067 0.648228 1.47209
0.0735768 0.778362 0.62349 1.45241
0.0754196 0.797857 0.59811 1.39993
0.077185 0.816532 0.572117 1.33594
0.078871 0.834369 0.545535 1.38848
0.080476 0.851348 0.518393 1.40604
0.0819983 0.867452 0.490718 1.39013
0.0834363 0.882665 0.462538 1.45041
0.0847886 0.89697 0.433884 1.48306
0.0860538 0.910354 0.404783 1.4925
0.0872305 0.922803 0.375267 1.48212
0.0883176 0.934303 0.345365 1.45432
0.089314 0.944844 0.315108 1.41076
0.0902186 0.954413 0.284528 1.35238
0.0910304 0.963002 0.253655 1.27953
0.0917488 0.970601 0.222521 1.19197
0.0923728 0.977203 0.191159 1.08889
0.092902 0.982801 0.1596 0.968852
0.0933356 0.987388 0.127877 0.829791
0.0936734 0.990962 0.096023 0.66886
0.0939149 0.993517 0.0640702 0.482295
0.0940599 0.99505 0.0320515 0.265201
0.0941083 0.995562 -4.37114e-08 0.0112607
0.00201253 0.0319883 0.999486 1.36256
0.004023 0.0639438 0.997945 1.50968
0.00602933 0.0958335 0.995379 1.62616
0.00802947 0.127625 0.99179 1.71662
0.0100214 0.159285 0.987182 1.78462
0.0120029 0.190781 0.981559 1.83279
0.0139722 0.222082 0.974928 1.86301
0.0159271 0.253154 0.967295 1.87644
0.0178656 0.283966 0.958668 1.87357
0.0197858 0.314486 0.949056 1.85428
0.0216856 0.344684 0.938468 1.83922
0.0235632 0.374527 0.926917 1.84085
0.0254165 0.403985 0.914413 1.82282
0.0272438 0.433028 0.900969 1.78284
0.029043 0.461626 0.886599 1.71748
0.0308124 0.489749 0.871319 1.7147
0.0325501 0.51737 0.855143 1.71159
0.0342544 0.544458 0.838088 1.68187
0.0359235 0.570988 0.820172 1.62642
0.0375556 0.59693 0.801414 1.64185
0.0391492 0.622259 0.781831 1.66094
0.0407026 0.646949 0.761446 1.65578
0.0422141 0.670974 0.740278 1.6262
0.0436822 0.69431 0.718349 1.57112
0.0451055 0.716932 0.695683 1.48851
0.0464824 0.738817 0.672301 1.46116
0.0478116 0.759943 0.648228 1.47192
0.0490916 0.780289 0.62349 1.45104
0.0503211 0.799832 0.59811 1.39733
0.051499 0.818554 0.572117 1.33848
0.052624 0.836434 0.545535 1.38968
0.0536948 0.853455 0.518393 1.40604
0.0547105 0.869599 0.490718 1.39258
0.05567 0.88485 0.462538 1.45184
0.0565723 0.899191 0.433884 1.48366
0.0574164 0.912608 0.404783 1.49247
0.0582015 0.925088 0.375267 1.48159
0.0589269 0.936617 0.345365 1.45342
0.0595917 0.947183 0.315108 1.40957
0.0601952 0.956776 0.284528 1.351
0.0607369 0.965386 0.253655 1.27802
0.0612162 0.973004 0.222521 1.19038
0.0616326 0.979622 0.191159 1.08728
0.0619856 0.985234 0.1596 0.967283
0.062275 0.989833 0.127877 0.82833
0.0625003 0.993415 0.096023 0.667586
0.0626615 0.995976 0.0640702 0.481305
0.0627582 0.997514 0.0320515 0.264622
0.0627905 0.998027 -4.37114e-08 0.0112607
0.00100676 0.0320358 0.999486 1.36281
0.00201249 0.0640386 0.997945 1.51007
0.00301615 0.0959756 0.995379 1.62661
0.00401671 0.127814 0.99179 1.71708
0.00501315 0.159521 0.987182 1.78504
0.00600443 0.191064 0.981559 1.83313
0.00698954 0.222411 0.974928 1.86323
0.00796747 0.253529 0.967295 1.87649
0.00893722 0.284387 0.958668 1.87343
0.00989778 0.314953 0.949056 1.8539
0.0108482 0.345195 0.938468 1.83938
0.0117874 0.375082 0.926917 1.84073
0.0127145 0.404584 0.914413 1.82233
0.0136286 0.43367 0.900969 1.7819
0.0145287 0.46231 0.886599 1.71597
0.0154138 0.490475 0.871319 1.7149
0.0162831 0.518137 0.855143 1.71124
0.0171356 0.545266 0.838088 1.68096
0.0179706 0.571834 0.820172 1.62494
0.0187871 0.597815 0.801414 1.64254
0.0195843 0.623182 0.781831 1.66109
0.0203613 0.647909 0.761446 1.65538
0.0211175 0.671969 0.740278 1.62522
0.0218519 0.695339 0.718349 1.56953
0.0225639 0.717995 0.695683 1.48626
0.0232527 0.739913 0.672301 1.46177
0.0239176 0.76107 0.648228 1.4718
0.0245579 0.781446 0.62349 1.4502
0.025173 0.801018 0.59811 1.39575
0.0257622 0.819768 0.572117 1.33998
0.0263249 0.837675 0.545535 1.39038
0.0268606 0.854721 0.518393 1.40603
0.0273687 0.870889 0.490718 1.39405
0.0278487 0.886162 0.462538 1.45268
0.0283001 0.900524 0.433884 1.48401
0.0287224 0.913961 0.404783 1.49244
0.0291151 0.926459 0.375267 1.48127
0.029478 0.938005 0.345365 1.45287
0.0298105 0.948587 0.315108 1.40886
0.0301124 0.958195 0.284528 1.35017
0.0303834 0.966818 0.253655 1.27711
0.0306232 0.974447 0.222521 1.18943
0.0308315 0.981075 0.191159 1.08631
0.0310081 0.986695 0.1596 0.966343
0.0311528 0.991301 0.127877 0.827455
0.0312656 0.994888 0.096023 0.666822
0.0313462 0.997453 0.0640702 0.480713
0.0313946 0.998993 0.0320515 0.264276
0.0314107 0.999507 -4.37114e-08 0.0112607
-1.40102e-09 0.0320516 0.999486 1.36289
-2.8006e-09 0.0640702 0.997945 1.5102
-4.1973e-09 0.096023 0.995379 1.62676
-5.58969e-09 0.127877 0.99179 1.71724
-6.97633e-09 0.1596 0.987182 1.78518
-8.35581e-09 0.191159 0.981559 1.83324
-9.7267e-09 0.222521 0.974928 1.8633
-1.10876e-08 0.253655 0.967295 1.87651
-1.24371e-08 0.284528 0.958668 1.87338
-1.37738e-08 0.315108 0.949056 1.85377
-1.50964e-08 0.345365 0.938468 1.83943
-1.64034e-08 0.375267 0.926917 1.84068
-1.76936e-08 0.404783 0.914413 1.82217
-1.89657e-08 0.433884 0.900969 1.78158
-2.02182e-08 0.462538 0.886599 1.71546
-2.14499e-08 0.490718 0.871319 1.71497
-2.26597e-08 0.518393 0.855143 1.71112
-2.38461e-08 0.545535 0.838088 1.68066
-2.5008e-08 0.572117 0.820172 1.62444
-2.61442e-08 0.598111 0.801414 1.64277
-2.72536e-08 0.62349 0.781831 1.66114
-2.8335e-08 0.648228 0.761446 1.65524
-2.93872e-08 0.672301 0.740278 1.6249
-3.04093e-08 0.695683 0.718349 1.569
-3.14e-08 0.718349 0.695683 1.4855
-3.23586e-08 0.740278 0.672301 1.46196
-3.32839e-08 0.761446 0.648228 1.47176
-3.41749e-08 0.781832 0.62349 1.44992
-3.50309e-08 0.801414 0.59811 1.39522
-3.58509e-08 0.820172 0.572117 1.34047
-3.6634e-08 0.838088 0.545535 1.39061
-3.73795e-08 0.855143 0.518393 1.40602
-3.80866e-08 0.871319 0.490718 1.39454
-3.87545e-08 0.886599 0.462538 1.45296
-3.93826e-08 0.900969 0.433884 1.48413
-3.99702e-08 0.914413 0.404783 1.49243
-4.05168e-08 0.926917 0.375267 1.48116
-4.10218e-08 0.938468 0.345365 1.45269
-4.14845e-08 0.949056 0.315108 1.40863
-4.19047e-08 0.958668 0.284528 1.34989
-4.22818e-08 0.967295 0.253655 1.2768
-4.26155e-08 0.974928 0.222521 1.18911
-4.29053e-08 0.981559 0.191159 1.08599
-4.31511e-08 0.987182 0.1596 0.96603
-4.33525e-08 0.99179 0.127877 0.827164
-4.35094e-08 0.995379 0.096023 0.666568
-4.36216e-08 0.997945 0.0640702 0.480516
-4.36889e-08 0.999486 0.0320515 0.264161
-4.37114e-08 1 -4.37114e-08 0.0112607
