$order 4
$a1 3.3008
$a2 3.3008
$a3 3.3008
$C ...
 0.465121  0.000000  0.031329  0.000000 ...
-0.000000  0.226222  0.000000  0.002426 ...   
 0.031329  0.000000  0.002110  0.000000 ...   
 0.000000  0.002426  0.000000  0.000026 ...
 0.000000  0.226222  0.000000  0.002425 ...
 0.226222  0.000000  0.015237  0.000000 ...
 0.000000  0.015237  0.000000  0.000163 ...
 0.002425  0.000000  0.000163 -0.000000 ...
 0.031329  0.000000  0.002110  0.000000 ...
 0.000000  0.015237 -0.000000  0.000163 ...
 0.002110  0.000000  0.000142  0.000000 ...
-0.000000  0.000163  0.000000  0.000002 ...
-0.000000  0.002426  0.000000  0.000025 ...
 0.002426  0.000000  0.000163 -0.000000 ...
 0.000000  0.000163  0.000000  0.000002 ...
 0.000025  0.000000  0.000002  0.000000 