$order 4
$a1 3.6150
$a2 3.6150
$a3 3.6150
$C ...
 1.109727  0.000000  0.067026  0.000000 ...
 0.000000  0.000000 -0.000000  0.000000 ...
 0.067026  0.000000  0.004048  0.000000 ...
 0.000000  0.000000  0.000000 -0.000000 ...
 0.000000  0.000000  0.000000  0.000000 ...
 0.000000  0.356445  0.000000  0.003942 ...
-0.000000  0.000000 -0.000000  0.000000 ...
 0.000000  0.003942  0.000000  0.000044 ...
 0.067026  0.000000  0.004049  0.000000 ...
 0.000000 -0.000000  0.000000 -0.000000 ...
 0.004049 -0.000000  0.000245 -0.000000 ...
 0.000000 -0.000000 -0.000000 -0.000000 ...
 0.000000  0.000000  0.000000 -0.000000 ...
-0.000000  0.003942  0.000000  0.000044 ...
 0.000000 -0.000000 -0.000000  0.000000 ...
-0.000000  0.000044  0.000000  0.000000  
