0 0.716918
1 0.7249
2 0.738682
3 0.752594
4 0.764195
5 0.772899
6 0.77854
7 0.781353
8 0.782302
9 0.782615
10 0.782887
11 0.783105
12 0.782358
13 0.783069
14 0.783757
15 0.782347
16 0.779033
17 0.778679
18 0.781233
19 0.783732
20 0.78419
21 0.784341
22 0.783795
23 0.782594
24 0.780124
25 0.774688
26 0.773078
27 0.775111
28 0.777837
29 0.78095
30 0.78344
31 0.78437
32 0.784271
33 0.784488
34 0.783227
35 0.779102
36 0.777596
37 0.780344
38 0.783671
39 0.784782
40 0.784114
41 0.783673
42 0.783921
43 0.784394
44 0.784113
45 0.784238
46 0.784094
47 0.78383
48 0.783245
49 0.78205
50 0.78026
51 0.77798
52 0.774471
53 0.767466
54 0.755504
55 0.743329
56 0.744364
57 0.754302
58 0.765503
59 0.773372
60 0.777484
61 0.779723
62 0.781248
63 0.78213
64 0.782503
65 0.782683
66 0.782694
67 0.782248
68 0.782134
69 0.782478
70 0.781949
71 0.780706
72 0.780682
73 0.782014
74 0.782344
75 0.781715
76 0.779436
77 0.776201
78 0.776493
79 0.779096
80 0.781633
81 0.782405
82 0.781829
83 0.781588
84 0.782327
85 0.782268
86 0.78158
87 0.779409
88 0.774778
89 0.767114
90 0.756944
91 0.756001
92 0.760591
93 0.768181
94 0.775345
95 0.779855
96 0.781762
97 0.782361
98 0.781885
99 0.781545
100 0.782253
101 0.782234
102 0.780689
103 0.775985
104 0.773251
105 0.774451
106 0.779065
107 0.781989
108 0.782658
109 0.782175
110 0.78141
111 0.781269
112 0.782672
113 0.782561
114 0.782341
115 0.782997
116 0.782864
117 0.78286
118 0.782597
119 0.781857
120 0.780327
121 0.777982
122 0.77438
123 0.768616
124 0.760204
125 0.747885
126 0.743293
127 0.747358
128 0.755393
129 0.761593
130 0.766684
131 0.771653
132 0.775999
133 0.779462
134 0.781786
135 0.78299
136 0.783585
137 0.783494
138 0.783562
139 0.783554
140 0.782316
141 0.78278
142 0.783965
143 0.783602
144 0.782205
145 0.780468
146 0.780799
147 0.782488
148 0.783658
149 0.783483
150 0.783487
151 0.78328
152 0.782109
153 0.778105
154 0.770081
155 0.760595
156 0.758466
157 0.763681
158 0.772269
159 0.77891
160 0.782067
161 0.782521
162 0.782615
163 0.78179
164 0.777629
165 0.775296
166 0.778451
167 0.781779
168 0.782108
169 0.780724
170 0.781582
171 0.781789
172 0.781274
173 0.780192
174 0.777666
175 0.772627
176 0.764555
177 0.753662
178 0.740691
179 0.727242
180 0.716918
181 0.7249
182 0.738682
183 0.752594
184 0.764195
185 0.772899
186 0.77854
187 0.781353
188 0.782302
189 0.782615
190 0.782887
191 0.783105
192 0.782358
193 0.783069
194 0.783757
195 0.782347
196 0.779033
197 0.778679
198 0.781233
199 0.783732
200 0.78419
201 0.784341
202 0.783795
203 0.782594
204 0.780124
205 0.774688
206 0.773078
207 0.775111
208 0.777837
209 0.78095
210 0.78344
211 0.78437
212 0.784271
213 0.784488
214 0.783227
215 0.779102
216 0.777596
217 0.780344
218 0.783671
219 0.784782
220 0.784114
221 0.783673
222 0.783921
223 0.784394
224 0.784113
225 0.784238
226 0.784094
227 0.78383
228 0.783245
229 0.78205
230 0.78026
231 0.77798
232 0.774471
233 0.767466
234 0.755504
235 0.743329
236 0.744364
237 0.754302
238 0.765503
239 0.773372
240 0.777484
241 0.779723
242 0.781248
243 0.78213
244 0.782503
245 0.782683
246 0.782694
247 0.782248
248 0.782134
249 0.782478
250 0.781949
251 0.780706
252 0.780682
253 0.782014
254 0.782344
255 0.781715
256 0.779436
257 0.776201
258 0.776493
259 0.779096
260 0.781633
261 0.782405
262 0.781829
263 0.781588
264 0.782327
265 0.782268
266 0.78158
267 0.779409
268 0.774778
269 0.767114
270 0.756944
271 0.756001
272 0.760591
273 0.768181
274 0.775345
275 0.779855
276 0.781762
277 0.782361
278 0.781885
279 0.781545
280 0.782253
281 0.782234
282 0.780689
283 0.775985
284 0.773251
285 0.774451
286 0.779065
287 0.781989
288 0.782658
289 0.782175
290 0.78141
291 0.781269
292 0.782672
293 0.782561
294 0.782341
295 0.782997
296 0.782864
297 0.78286
298 0.782597
299 0.781857
300 0.780327
301 0.777982
302 0.77438
303 0.768616
304 0.760204
305 0.747885
306 0.743293
307 0.747358
308 0.755393
309 0.761593
310 0.766684
311 0.771653
312 0.775999
313 0.779462
314 0.781786
315 0.78299
316 0.783585
317 0.783494
318 0.783562
319 0.783554
320 0.782316
321 0.78278
322 0.783965
323 0.783602
324 0.782205
325 0.780468
326 0.780799
327 0.782488
328 0.783658
329 0.783483
330 0.783487
331 0.78328
332 0.782109
333 0.778105
334 0.770081
335 0.760595
336 0.758466
337 0.763681
338 0.772269
339 0.77891
340 0.782067
341 0.782521
342 0.782615
343 0.78179
344 0.777629
345 0.775296
346 0.778451
347 0.781779
348 0.782108
349 0.780724
350 0.781582
351 0.781789
352 0.781274
353 0.780192
354 0.777666
355 0.772627
356 0.764555
357 0.753662
358 0.740691
359 0.727242
360 0.716918
