0 0.53672
1 0.540651
2 0.544031
3 0.546825
4 0.549058
5 0.550815
6 0.552187
7 0.553236
8 0.553973
9 0.554365
10 0.554353
11 0.553851
12 0.552744
13 0.550905
14 0.548215
15 0.544554
16 0.53979
17 0.533765
18 0.526288
19 0.51713
20 0.506036
21 0.492766
22 0.477298
23 0.460751
24 0.449936
25 0.457327
26 0.473457
27 0.48922
28 0.502889
29 0.514373
30 0.52389
31 0.531698
32 0.538028
33 0.543071
34 0.54698
35 0.549875
36 0.551847
37 0.552933
38 0.553157
39 0.552553
40 0.55121
41 0.549363
42 0.547526
43 0.546452
44 0.546586
45 0.54756
46 0.548676
47 0.54948
48 0.549809
49 0.549664
50 0.549116
51 0.548264
52 0.547209
53 0.546035
54 0.544794
55 0.543488
56 0.542064
57 0.540438
58 0.538511
59 0.536181
60 0.533374
61 0.530062
62 0.526306
63 0.522275
64 0.518209
65 0.514273
66 0.510395
67 0.506261
68 0.501486
69 0.495816
70 0.490172
71 0.484203
72 0.477212
73 0.469343
74 0.460808
75 0.451863
76 0.44282
77 0.434052
78 0.425977
79 0.419049
80 0.413708
81 0.410338
82 0.409204
83 0.410406
84 0.413864
85 0.419326
86 0.42642
87 0.434708
88 0.443748
89 0.453126
90 0.462483
