0 0.53672
1 0.561608
2 0.582392
3 0.599761
4 0.614316
5 0.626574
6 0.636966
7 0.645842
8 0.653468
9 0.660038
10 0.66568
11 0.670476
12 0.674474
13 0.677731
14 0.680368
15 0.682422
16 0.68386
17 0.684671
18 0.684826
19 0.684254
20 0.682882
21 0.680703
22 0.677822
23 0.674247
24 0.670507
25 0.667722
26 0.665266
27 0.662721
28 0.660777
29 0.660386
30 0.661166
31 0.662726
32 0.664943
33 0.667777
34 0.671265
35 0.675209
36 0.679307
37 0.683372
38 0.68722
39 0.690698
40 0.693745
41 0.69634
42 0.698463
43 0.700234
44 0.70162
45 0.70249
46 0.703147
47 0.703686
48 0.703795
49 0.703528
50 0.703032
51 0.702129
52 0.700816
53 0.699148
54 0.697165
55 0.69498
56 0.692732
57 0.690537
58 0.688503
59 0.68663
60 0.684858
61 0.683244
62 0.681785
63 0.680147
64 0.678172
65 0.675832
66 0.673157
67 0.671382
68 0.669777
69 0.66785
70 0.665387
71 0.661994
72 0.658364
73 0.658234
74 0.657159
75 0.655117
76 0.652031
77 0.648102
78 0.643944
79 0.641302
80 0.639373
81 0.6383
82 0.637961
83 0.63802
84 0.638244
85 0.638498
86 0.638663
87 0.638702
88 0.638641
89 0.638549
90 0.638505
