0 0.151173
1 0.233874
2 0.3034
3 0.362211
4 0.412226
5 0.454864
6 0.491609
7 0.523216
8 0.550233
9 0.574233
10 0.594965
11 0.612486
12 0.628197
13 0.642017
14 0.653418
15 0.66297
16 0.669823
17 0.676558
18 0.681029
19 0.683252
20 0.688113
21 0.689724
22 0.687801
23 0.687488
24 0.692485
25 0.693586
26 0.690581
27 0.683644
28 0.671948
29 0.682386
30 0.69013
31 0.693363
32 0.692929
33 0.689865
34 0.683121
35 0.671646
36 0.655578
37 0.64019
38 0.659738
39 0.673886
40 0.683908
41 0.689701
42 0.691979
43 0.690099
44 0.688639
45 0.690112
46 0.687598
47 0.681807
48 0.672709
49 0.659439
50 0.642428
51 0.620653
52 0.593374
53 0.559866
54 0.584592
55 0.612941
56 0.636015
57 0.653814
58 0.667726
59 0.677673
60 0.684221
61 0.687138
62 0.686579
63 0.689207
64 0.687894
65 0.682364
66 0.672562
67 0.657828
68 0.661714
69 0.674986
70 0.683261
71 0.687557
72 0.68796
73 0.684283
74 0.680384
75 0.684022
76 0.683811
77 0.679872
78 0.675348
79 0.668914
80 0.659644
81 0.647744
82 0.632708
83 0.614549
84 0.592773
85 0.567092
86 0.537066
87 0.501697
88 0.459862
89 0.410278
90 0.351233
