0 0.126049
1 0.188372
2 0.241735
3 0.287515
4 0.32684
5 0.360635
6 0.38966
7 0.414536
8 0.435764
9 0.453745
10 0.468785
11 0.4811
12 0.490989
13 0.498474
14 0.503418
15 0.505703
16 0.506737
17 0.511048
18 0.512442
19 0.510997
20 0.506658
21 0.499235
22 0.488396
23 0.47367
24 0.454428
25 0.429851
26 0.443348
27 0.464987
28 0.481753
29 0.494368
30 0.503381
31 0.509188
32 0.512068
33 0.512132
34 0.509366
35 0.503616
36 0.50337
37 0.503236
38 0.500449
39 0.495242
40 0.48773
41 0.478543
42 0.467345
43 0.453809
44 0.437828
45 0.419195
46 0.397632
47 0.372791
48 0.344236
49 0.311436
50 0.273747
51 0.230393
52 0.180434
53 0.122737
54 0.0559254
55 0.0208188
56 0.0924837
57 0.154288
58 0.207738
59 0.254077
60 0.294329
61 0.329345
62 0.359828
63 0.386359
64 0.409419
65 0.429394
66 0.446593
67 0.461245
68 0.473601
69 0.483661
70 0.491437
71 0.497968
72 0.503344
73 0.506298
74 0.506706
75 0.504312
76 0.498713
77 0.495259
78 0.504379
79 0.509934
80 0.512314
81 0.511748
82 0.508334
83 0.502303
84 0.493254
85 0.480951
86 0.465035
87 0.445014
88 0.420249
89 0.389933
90 0.353059
